BG15000g175v2.vis.dat 15000.0 1.8 1.0
BG15000g200v2.vis.dat 15000.0 2.0 1.0
BG15000g225v2.vis.dat 15000.0 2.2 1.0
BG15000g250v2.vis.dat 15000.0 2.5 1.0
BG15000g275v2.vis.dat 15000.0 2.8 1.0
BG15000g300v2.vis.dat 15000.0 3.0 1.0
BG15000g325v2.vis.dat 15000.0 3.2 1.0
BG15000g350v2.vis.dat 15000.0 3.5 1.0
BG15000g375v2.vis.dat 15000.0 3.8 1.0
BG15000g400v2.vis.dat 15000.0 4.0 1.0
BG15000g425v2.vis.dat 15000.0 4.2 1.0
BG15000g450v2.vis.dat 15000.0 4.5 1.0
BG15000g475v2.vis.dat 15000.0 4.8 1.0
BG16000g200v2.vis.dat 16000.0 2.0 1.0
BG16000g225v2.vis.dat 16000.0 2.2 1.0
BG16000g250v2.vis.dat 16000.0 2.5 1.0
BG16000g275v2.vis.dat 16000.0 2.8 1.0
BG16000g300v2.vis.dat 16000.0 3.0 1.0
BG16000g325v2.vis.dat 16000.0 3.2 1.0
BG16000g350v2.vis.dat 16000.0 3.5 1.0
BG16000g375v2.vis.dat 16000.0 3.8 1.0
BG16000g400v2.vis.dat 16000.0 4.0 1.0
BG16000g425v2.vis.dat 16000.0 4.2 1.0
BG16000g450v2.vis.dat 16000.0 4.5 1.0
BG16000g475v2.vis.dat 16000.0 4.8 1.0
BG17000g200v2.vis.dat 17000.0 2.0 1.0
BG17000g225v2.vis.dat 17000.0 2.2 1.0
BG17000g250v2.vis.dat 17000.0 2.5 1.0
BG17000g275v2.vis.dat 17000.0 2.8 1.0
BG17000g300v2.vis.dat 17000.0 3.0 1.0
BG17000g325v2.vis.dat 17000.0 3.2 1.0
BG17000g350v2.vis.dat 17000.0 3.5 1.0
BG17000g375v2.vis.dat 17000.0 3.8 1.0
BG17000g400v2.vis.dat 17000.0 4.0 1.0
BG17000g425v2.vis.dat 17000.0 4.2 1.0
BG17000g450v2.vis.dat 17000.0 4.5 1.0
BG17000g475v2.vis.dat 17000.0 4.8 1.0
BG18000g200v2.vis.dat 18000.0 2.0 1.0
BG18000g225v2.vis.dat 18000.0 2.2 1.0
BG18000g250v2.vis.dat 18000.0 2.5 1.0
BG18000g275v2.vis.dat 18000.0 2.8 1.0
BG18000g300v2.vis.dat 18000.0 3.0 1.0
BG18000g325v2.vis.dat 18000.0 3.2 1.0
BG18000g350v2.vis.dat 18000.0 3.5 1.0
BG18000g375v2.vis.dat 18000.0 3.8 1.0
BG18000g400v2.vis.dat 18000.0 4.0 1.0
BG18000g425v2.vis.dat 18000.0 4.2 1.0
BG18000g450v2.vis.dat 18000.0 4.5 1.0
BG18000g475v2.vis.dat 18000.0 4.8 1.0
BG19000g225v2.vis.dat 19000.0 2.2 1.0
BG19000g250v2.vis.dat 19000.0 2.5 1.0
BG19000g275v2.vis.dat 19000.0 2.8 1.0
BG19000g300v2.vis.dat 19000.0 3.0 1.0
BG19000g325v2.vis.dat 19000.0 3.2 1.0
BG19000g350v2.vis.dat 19000.0 3.5 1.0
BG19000g375v2.vis.dat 19000.0 3.8 1.0
BG19000g400v2.vis.dat 19000.0 4.0 1.0
BG19000g425v2.vis.dat 19000.0 4.2 1.0
BG19000g450v2.vis.dat 19000.0 4.5 1.0
BG19000g475v2.vis.dat 19000.0 4.8 1.0
BG20000g225v2.vis.dat 20000.0 2.2 1.0
BG20000g250v2.vis.dat 20000.0 2.5 1.0
BG20000g275v2.vis.dat 20000.0 2.8 1.0
BG20000g300v2.vis.dat 20000.0 3.0 1.0
BG20000g325v2.vis.dat 20000.0 3.2 1.0
BG20000g350v2.vis.dat 20000.0 3.5 1.0
BG20000g375v2.vis.dat 20000.0 3.8 1.0
BG20000g400v2.vis.dat 20000.0 4.0 1.0
BG20000g425v2.vis.dat 20000.0 4.2 1.0
BG20000g450v2.vis.dat 20000.0 4.5 1.0
BG20000g475v2.vis.dat 20000.0 4.8 1.0
BG21000g250v2.vis.dat 21000.0 2.5 1.0
BG21000g275v2.vis.dat 21000.0 2.8 1.0
BG21000g300v2.vis.dat 21000.0 3.0 1.0
BG21000g325v2.vis.dat 21000.0 3.2 1.0
BG21000g350v2.vis.dat 21000.0 3.5 1.0
BG21000g375v2.vis.dat 21000.0 3.8 1.0
BG21000g400v2.vis.dat 21000.0 4.0 1.0
BG21000g425v2.vis.dat 21000.0 4.2 1.0
BG21000g450v2.vis.dat 21000.0 4.5 1.0
BG21000g475v2.vis.dat 21000.0 4.8 1.0
BG22000g250v2.vis.dat 22000.0 2.5 1.0
BG22000g275v2.vis.dat 22000.0 2.8 1.0
BG22000g300v2.vis.dat 22000.0 3.0 1.0
BG22000g325v2.vis.dat 22000.0 3.2 1.0
BG22000g350v2.vis.dat 22000.0 3.5 1.0
BG22000g375v2.vis.dat 22000.0 3.8 1.0
BG22000g400v2.vis.dat 22000.0 4.0 1.0
BG22000g425v2.vis.dat 22000.0 4.2 1.0
BG22000g450v2.vis.dat 22000.0 4.5 1.0
BG22000g475v2.vis.dat 22000.0 4.8 1.0
BG23000g250v2.vis.dat 23000.0 2.5 1.0
BG23000g275v2.vis.dat 23000.0 2.8 1.0
BG23000g300v2.vis.dat 23000.0 3.0 1.0
BG23000g325v2.vis.dat 23000.0 3.2 1.0
BG23000g350v2.vis.dat 23000.0 3.5 1.0
BG23000g375v2.vis.dat 23000.0 3.8 1.0
BG23000g400v2.vis.dat 23000.0 4.0 1.0
BG23000g425v2.vis.dat 23000.0 4.2 1.0
BG23000g450v2.vis.dat 23000.0 4.5 1.0
BG23000g475v2.vis.dat 23000.0 4.8 1.0
BG24000g250v2.vis.dat 24000.0 2.5 1.0
BG24000g275v2.vis.dat 24000.0 2.8 1.0
BG24000g300v2.vis.dat 24000.0 3.0 1.0
BG24000g325v2.vis.dat 24000.0 3.2 1.0
BG24000g350v2.vis.dat 24000.0 3.5 1.0
BG24000g375v2.vis.dat 24000.0 3.8 1.0
BG24000g400v2.vis.dat 24000.0 4.0 1.0
BG24000g425v2.vis.dat 24000.0 4.2 1.0
BG24000g450v2.vis.dat 24000.0 4.5 1.0
BG24000g475v2.vis.dat 24000.0 4.8 1.0
BG25000g275v2.vis.dat 25000.0 2.8 1.0
BG25000g300v2.vis.dat 25000.0 3.0 1.0
BG25000g325v2.vis.dat 25000.0 3.2 1.0
BG25000g350v2.vis.dat 25000.0 3.5 1.0
BG25000g375v2.vis.dat 25000.0 3.8 1.0
BG25000g400v2.vis.dat 25000.0 4.0 1.0
BG25000g425v2.vis.dat 25000.0 4.2 1.0
BG25000g450v2.vis.dat 25000.0 4.5 1.0
BG25000g475v2.vis.dat 25000.0 4.8 1.0
BG26000g275v2.vis.dat 26000.0 2.8 1.0
BG26000g300v2.vis.dat 26000.0 3.0 1.0
BG26000g325v2.vis.dat 26000.0 3.2 1.0
BG26000g350v2.vis.dat 26000.0 3.5 1.0
BG26000g375v2.vis.dat 26000.0 3.8 1.0
BG26000g400v2.vis.dat 26000.0 4.0 1.0
BG26000g425v2.vis.dat 26000.0 4.2 1.0
BG26000g450v2.vis.dat 26000.0 4.5 1.0
BG26000g475v2.vis.dat 26000.0 4.8 1.0
BG27000g275v2.vis.dat 27000.0 2.8 1.0
BG27000g300v2.vis.dat 27000.0 3.0 1.0
BG27000g325v2.vis.dat 27000.0 3.2 1.0
BG27000g350v2.vis.dat 27000.0 3.5 1.0
BG27000g375v2.vis.dat 27000.0 3.8 1.0
BG27000g400v2.vis.dat 27000.0 4.0 1.0
BG27000g425v2.vis.dat 27000.0 4.2 1.0
BG27000g450v2.vis.dat 27000.0 4.5 1.0
BG27000g475v2.vis.dat 27000.0 4.8 1.0
BG28000g275v2.vis.dat 28000.0 2.8 1.0
BG28000g300v2.vis.dat 28000.0 3.0 1.0
BG28000g325v2.vis.dat 28000.0 3.2 1.0
BG28000g350v2.vis.dat 28000.0 3.5 1.0
BG28000g375v2.vis.dat 28000.0 3.8 1.0
BG28000g400v2.vis.dat 28000.0 4.0 1.0
BG28000g425v2.vis.dat 28000.0 4.2 1.0
BG28000g450v2.vis.dat 28000.0 4.5 1.0
BG28000g475v2.vis.dat 28000.0 4.8 1.0
BG29000g300v2.vis.dat 29000.0 3.0 1.0
BG29000g325v2.vis.dat 29000.0 3.2 1.0
BG29000g350v2.vis.dat 29000.0 3.5 1.0
BG29000g375v2.vis.dat 29000.0 3.8 1.0
BG29000g400v2.vis.dat 29000.0 4.0 1.0
BG29000g425v2.vis.dat 29000.0 4.2 1.0
BG29000g450v2.vis.dat 29000.0 4.5 1.0
BG29000g475v2.vis.dat 29000.0 4.8 1.0
BG30000g300v2.vis.dat 30000.0 3.0 1.0
BG30000g325v2.vis.dat 30000.0 3.2 1.0
BG30000g350v2.vis.dat 30000.0 3.5 1.0
BG30000g375v2.vis.dat 30000.0 3.8 1.0
BG30000g400v2.vis.dat 30000.0 4.0 1.0
BG30000g425v2.vis.dat 30000.0 4.2 1.0
BG30000g450v2.vis.dat 30000.0 4.5 1.0
BG30000g475v2.vis.dat 30000.0 4.8 1.0
