PC08000g350v2.vis.dat 8000.0 3.5 1.0
PC08000g400v2.vis.dat 8000.0 4.0 1.0
PC08000g450v2.vis.dat 8000.0 4.5 1.0
PC08000g500v2.vis.dat 8000.0 5.0 1.0
PC08100g350v2.vis.dat 8100.0 3.5 1.0
PC08100g400v2.vis.dat 8100.0 4.0 1.0
PC08100g450v2.vis.dat 8100.0 4.5 1.0
PC08100g500v2.vis.dat 8100.0 5.0 1.0
PC08200g350v2.vis.dat 8200.0 3.5 1.0
PC08200g400v2.vis.dat 8200.0 4.0 1.0
PC08200g450v2.vis.dat 8200.0 4.5 1.0
PC08200g500v2.vis.dat 8200.0 5.0 1.0
PC08300g350v2.vis.dat 8300.0 3.5 1.0
PC08300g400v2.vis.dat 8300.0 4.0 1.0
PC08300g450v2.vis.dat 8300.0 4.5 1.0
PC08300g500v2.vis.dat 8300.0 5.0 1.0
PC08400g350v2.vis.dat 8400.0 3.5 1.0
PC08400g400v2.vis.dat 8400.0 4.0 1.0
PC08400g450v2.vis.dat 8400.0 4.5 1.0
PC08400g500v2.vis.dat 8400.0 5.0 1.0
PC08500g350v2.vis.dat 8500.0 3.5 1.0
PC08500g400v2.vis.dat 8500.0 4.0 1.0
PC08500g450v2.vis.dat 8500.0 4.5 1.0
PC08500g500v2.vis.dat 8500.0 5.0 1.0
PC08600g350v2.vis.dat 8600.0 3.5 1.0
PC08600g400v2.vis.dat 8600.0 4.0 1.0
PC08600g450v2.vis.dat 8600.0 4.5 1.0
PC08600g500v2.vis.dat 8600.0 5.0 1.0
PC08700g350v2.vis.dat 8700.0 3.5 1.0
PC08700g400v2.vis.dat 8700.0 4.0 1.0
PC08700g450v2.vis.dat 8700.0 4.5 1.0
PC08700g500v2.vis.dat 8700.0 5.0 1.0
PC08800g350v2.vis.dat 8800.0 3.5 1.0
PC08800g400v2.vis.dat 8800.0 4.0 1.0
PC08800g450v2.vis.dat 8800.0 4.5 1.0
PC08800g500v2.vis.dat 8800.0 5.0 1.0
PC08900g350v2.vis.dat 8900.0 3.5 1.0
PC08900g400v2.vis.dat 8900.0 4.0 1.0
PC08900g450v2.vis.dat 8900.0 4.5 1.0
PC08900g500v2.vis.dat 8900.0 5.0 1.0
PC09000g350v2.vis.dat 9000.0 3.5 1.0
PC09000g400v2.vis.dat 9000.0 4.0 1.0
PC09000g450v2.vis.dat 9000.0 4.5 1.0
PC09000g500v2.vis.dat 9000.0 5.0 1.0
PC09100g350v2.vis.dat 9100.0 3.5 1.0
PC09100g400v2.vis.dat 9100.0 4.0 1.0
PC09100g450v2.vis.dat 9100.0 4.5 1.0
PC09100g500v2.vis.dat 9100.0 5.0 1.0
PC09200g350v2.vis.dat 9200.0 3.5 1.0
PC09200g400v2.vis.dat 9200.0 4.0 1.0
PC09200g450v2.vis.dat 9200.0 4.5 1.0
PC09200g500v2.vis.dat 9200.0 5.0 1.0
PC09300g350v2.vis.dat 9300.0 3.5 1.0
PC09300g400v2.vis.dat 9300.0 4.0 1.0
PC09300g450v2.vis.dat 9300.0 4.5 1.0
PC09300g500v2.vis.dat 9300.0 5.0 1.0
PC09400g350v2.vis.dat 9400.0 3.5 1.0
PC09400g400v2.vis.dat 9400.0 4.0 1.0
PC09400g450v2.vis.dat 9400.0 4.5 1.0
PC09400g500v2.vis.dat 9400.0 5.0 1.0
PC09500g350v2.vis.dat 9500.0 3.5 1.0
PC09500g400v2.vis.dat 9500.0 4.0 1.0
PC09500g450v2.vis.dat 9500.0 4.5 1.0
PC09500g500v2.vis.dat 9500.0 5.0 1.0
PC09600g350v2.vis.dat 9600.0 3.5 1.0
PC09600g400v2.vis.dat 9600.0 4.0 1.0
PC09600g450v2.vis.dat 9600.0 4.5 1.0
PC09600g500v2.vis.dat 9600.0 5.0 1.0
PC09700g350v2.vis.dat 9700.0 3.5 1.0
PC09700g400v2.vis.dat 9700.0 4.0 1.0
PC09700g450v2.vis.dat 9700.0 4.5 1.0
PC09700g500v2.vis.dat 9700.0 5.0 1.0
PC09800g350v2.vis.dat 9800.0 3.5 1.0
PC09800g400v2.vis.dat 9800.0 4.0 1.0
PC09800g450v2.vis.dat 9800.0 4.5 1.0
PC09800g500v2.vis.dat 9800.0 5.0 1.0
PC09900g350v2.vis.dat 9900.0 3.5 1.0
PC09900g400v2.vis.dat 9900.0 4.0 1.0
PC09900g450v2.vis.dat 9900.0 4.5 1.0
PC09900g500v2.vis.dat 9900.0 5.0 1.0
PC10000g350v2.vis.dat 10000.0 3.5 1.0
PC10000g400v2.vis.dat 10000.0 4.0 1.0
PC10000g450v2.vis.dat 10000.0 4.5 1.0
PC10000g500v2.vis.dat 10000.0 5.0 1.0
PC10100g350v2.vis.dat 10100.0 3.5 1.0
PC10100g400v2.vis.dat 10100.0 4.0 1.0
PC10100g450v2.vis.dat 10100.0 4.5 1.0
PC10100g500v2.vis.dat 10100.0 5.0 1.0
PC10200g350v2.vis.dat 10200.0 3.5 1.0
PC10200g400v2.vis.dat 10200.0 4.0 1.0
PC10200g450v2.vis.dat 10200.0 4.5 1.0
PC10200g500v2.vis.dat 10200.0 5.0 1.0
PC10300g350v2.vis.dat 10300.0 3.5 1.0
PC10300g400v2.vis.dat 10300.0 4.0 1.0
PC10300g450v2.vis.dat 10300.0 4.5 1.0
PC10300g500v2.vis.dat 10300.0 5.0 1.0
PC10400g350v2.vis.dat 10400.0 3.5 1.0
PC10400g400v2.vis.dat 10400.0 4.0 1.0
PC10400g450v2.vis.dat 10400.0 4.5 1.0
PC10400g500v2.vis.dat 10400.0 5.0 1.0
PC10500g350v2.vis.dat 10500.0 3.5 1.0
PC10500g400v2.vis.dat 10500.0 4.0 1.0
PC10500g450v2.vis.dat 10500.0 4.5 1.0
PC10500g500v2.vis.dat 10500.0 5.0 1.0
PC10600g350v2.vis.dat 10600.0 3.5 1.0
PC10600g400v2.vis.dat 10600.0 4.0 1.0
PC10600g450v2.vis.dat 10600.0 4.5 1.0
PC10600g500v2.vis.dat 10600.0 5.0 1.0
PC10700g350v2.vis.dat 10700.0 3.5 1.0
PC10700g400v2.vis.dat 10700.0 4.0 1.0
PC10700g450v2.vis.dat 10700.0 4.5 1.0
PC10700g500v2.vis.dat 10700.0 5.0 1.0
PC10800g350v2.vis.dat 10800.0 3.5 1.0
PC10800g400v2.vis.dat 10800.0 4.0 1.0
PC10800g450v2.vis.dat 10800.0 4.5 1.0
PC10800g500v2.vis.dat 10800.0 5.0 1.0
PC10900g350v2.vis.dat 10900.0 3.5 1.0
PC10900g400v2.vis.dat 10900.0 4.0 1.0
PC10900g450v2.vis.dat 10900.0 4.5 1.0
PC10900g500v2.vis.dat 10900.0 5.0 1.0
PC11000g350v2.vis.dat 11000.0 3.5 1.0
PC11000g400v2.vis.dat 11000.0 4.0 1.0
PC11000g450v2.vis.dat 11000.0 4.5 1.0
PC11000g500v2.vis.dat 11000.0 5.0 1.0
PC11100g350v2.vis.dat 11100.0 3.5 1.0
PC11100g400v2.vis.dat 11100.0 4.0 1.0
PC11100g450v2.vis.dat 11100.0 4.5 1.0
PC11100g500v2.vis.dat 11100.0 5.0 1.0
PC11200g350v2.vis.dat 11200.0 3.5 1.0
PC11200g400v2.vis.dat 11200.0 4.0 1.0
PC11200g450v2.vis.dat 11200.0 4.5 1.0
PC11200g500v2.vis.dat 11200.0 5.0 1.0
PC11300g350v2.vis.dat 11300.0 3.5 1.0
PC11300g400v2.vis.dat 11300.0 4.0 1.0
PC11300g450v2.vis.dat 11300.0 4.5 1.0
PC11300g500v2.vis.dat 11300.0 5.0 1.0
PC11400g350v2.vis.dat 11400.0 3.5 1.0
PC11400g400v2.vis.dat 11400.0 4.0 1.0
PC11400g450v2.vis.dat 11400.0 4.5 1.0
PC11400g500v2.vis.dat 11400.0 5.0 1.0
PC11500g350v2.vis.dat 11500.0 3.5 1.0
PC11500g400v2.vis.dat 11500.0 4.0 1.0
PC11500g450v2.vis.dat 11500.0 4.5 1.0
PC11500g500v2.vis.dat 11500.0 5.0 1.0
PC11600g350v2.vis.dat 11600.0 3.5 1.0
PC11600g400v2.vis.dat 11600.0 4.0 1.0
PC11600g450v2.vis.dat 11600.0 4.5 1.0
PC11600g500v2.vis.dat 11600.0 5.0 1.0
PC11700g350v2.vis.dat 11700.0 3.5 1.0
PC11700g400v2.vis.dat 11700.0 4.0 1.0
PC11700g450v2.vis.dat 11700.0 4.5 1.0
PC11700g500v2.vis.dat 11700.0 5.0 1.0
PC11800g350v2.vis.dat 11800.0 3.5 1.0
PC11800g400v2.vis.dat 11800.0 4.0 1.0
PC11800g450v2.vis.dat 11800.0 4.5 1.0
PC11800g500v2.vis.dat 11800.0 5.0 1.0
PC11900g350v2.vis.dat 11900.0 3.5 1.0
PC11900g400v2.vis.dat 11900.0 4.0 1.0
PC11900g450v2.vis.dat 11900.0 4.5 1.0
PC11900g500v2.vis.dat 11900.0 5.0 1.0
PC12000g350v2.vis.dat 12000.0 3.5 1.0
PC12000g400v2.vis.dat 12000.0 4.0 1.0
PC12000g450v2.vis.dat 12000.0 4.5 1.0
PC12000g500v2.vis.dat 12000.0 5.0 1.0
PC12100g350v2.vis.dat 12100.0 3.5 1.0
PC12100g400v2.vis.dat 12100.0 4.0 1.0
PC12100g450v2.vis.dat 12100.0 4.5 1.0
PC12100g500v2.vis.dat 12100.0 5.0 1.0
PC12200g350v2.vis.dat 12200.0 3.5 1.0
PC12200g400v2.vis.dat 12200.0 4.0 1.0
PC12200g450v2.vis.dat 12200.0 4.5 1.0
PC12200g500v2.vis.dat 12200.0 5.0 1.0
PC12300g350v2.vis.dat 12300.0 3.5 1.0
PC12300g400v2.vis.dat 12300.0 4.0 1.0
PC12300g450v2.vis.dat 12300.0 4.5 1.0
PC12300g500v2.vis.dat 12300.0 5.0 1.0
PC12400g350v2.vis.dat 12400.0 3.5 1.0
PC12400g400v2.vis.dat 12400.0 4.0 1.0
PC12400g450v2.vis.dat 12400.0 4.5 1.0
PC12400g500v2.vis.dat 12400.0 5.0 1.0
PC12500g350v2.vis.dat 12500.0 3.5 1.0
PC12500g400v2.vis.dat 12500.0 4.0 1.0
PC12500g450v2.vis.dat 12500.0 4.5 1.0
PC12500g500v2.vis.dat 12500.0 5.0 1.0
PC12600g350v2.vis.dat 12600.0 3.5 1.0
PC12600g400v2.vis.dat 12600.0 4.0 1.0
PC12600g450v2.vis.dat 12600.0 4.5 1.0
PC12600g500v2.vis.dat 12600.0 5.0 1.0
PC12700g350v2.vis.dat 12700.0 3.5 1.0
PC12700g400v2.vis.dat 12700.0 4.0 1.0
PC12700g450v2.vis.dat 12700.0 4.5 1.0
PC12700g500v2.vis.dat 12700.0 5.0 1.0
PC12800g350v2.vis.dat 12800.0 3.5 1.0
PC12800g400v2.vis.dat 12800.0 4.0 1.0
PC12800g450v2.vis.dat 12800.0 4.5 1.0
PC12800g500v2.vis.dat 12800.0 5.0 1.0
PC12900g350v2.vis.dat 12900.0 3.5 1.0
PC12900g400v2.vis.dat 12900.0 4.0 1.0
PC12900g450v2.vis.dat 12900.0 4.5 1.0
PC12900g500v2.vis.dat 12900.0 5.0 1.0
PC13000g350v2.vis.dat 13000.0 3.5 1.0
PC13000g400v2.vis.dat 13000.0 4.0 1.0
PC13000g450v2.vis.dat 13000.0 4.5 1.0
PC13000g500v2.vis.dat 13000.0 5.0 1.0
PC13100g350v2.vis.dat 13100.0 3.5 1.0
PC13100g400v2.vis.dat 13100.0 4.0 1.0
PC13100g450v2.vis.dat 13100.0 4.5 1.0
PC13100g500v2.vis.dat 13100.0 5.0 1.0
PC13200g350v2.vis.dat 13200.0 3.5 1.0
PC13200g400v2.vis.dat 13200.0 4.0 1.0
PC13200g450v2.vis.dat 13200.0 4.5 1.0
PC13200g500v2.vis.dat 13200.0 5.0 1.0
PC13300g350v2.vis.dat 13300.0 3.5 1.0
PC13300g400v2.vis.dat 13300.0 4.0 1.0
PC13300g450v2.vis.dat 13300.0 4.5 1.0
PC13300g500v2.vis.dat 13300.0 5.0 1.0
PC13400g350v2.vis.dat 13400.0 3.5 1.0
PC13400g400v2.vis.dat 13400.0 4.0 1.0
PC13400g450v2.vis.dat 13400.0 4.5 1.0
PC13400g500v2.vis.dat 13400.0 5.0 1.0
PC13500g350v2.vis.dat 13500.0 3.5 1.0
PC13500g400v2.vis.dat 13500.0 4.0 1.0
PC13500g450v2.vis.dat 13500.0 4.5 1.0
PC13500g500v2.vis.dat 13500.0 5.0 1.0
PC13600g350v2.vis.dat 13600.0 3.5 1.0
PC13600g400v2.vis.dat 13600.0 4.0 1.0
PC13600g450v2.vis.dat 13600.0 4.5 1.0
PC13600g500v2.vis.dat 13600.0 5.0 1.0
PC13700g350v2.vis.dat 13700.0 3.5 1.0
PC13700g400v2.vis.dat 13700.0 4.0 1.0
PC13700g450v2.vis.dat 13700.0 4.5 1.0
PC13700g500v2.vis.dat 13700.0 5.0 1.0
PC13800g350v2.vis.dat 13800.0 3.5 1.0
PC13800g400v2.vis.dat 13800.0 4.0 1.0
PC13800g450v2.vis.dat 13800.0 4.5 1.0
PC13800g500v2.vis.dat 13800.0 5.0 1.0
PC13900g350v2.vis.dat 13900.0 3.5 1.0
PC13900g400v2.vis.dat 13900.0 4.0 1.0
PC13900g450v2.vis.dat 13900.0 4.5 1.0
PC13900g500v2.vis.dat 13900.0 5.0 1.0
PC14000g350v2.vis.dat 14000.0 3.5 1.0
PC14000g400v2.vis.dat 14000.0 4.0 1.0
PC14000g450v2.vis.dat 14000.0 4.5 1.0
PC14000g500v2.vis.dat 14000.0 5.0 1.0
PC14100g350v2.vis.dat 14100.0 3.5 1.0
PC14100g400v2.vis.dat 14100.0 4.0 1.0
PC14100g450v2.vis.dat 14100.0 4.5 1.0
PC14100g500v2.vis.dat 14100.0 5.0 1.0
PC14200g350v2.vis.dat 14200.0 3.5 1.0
PC14200g400v2.vis.dat 14200.0 4.0 1.0
PC14200g450v2.vis.dat 14200.0 4.5 1.0
PC14200g500v2.vis.dat 14200.0 5.0 1.0
PC14300g350v2.vis.dat 14300.0 3.5 1.0
PC14300g400v2.vis.dat 14300.0 4.0 1.0
PC14300g450v2.vis.dat 14300.0 4.5 1.0
PC14300g500v2.vis.dat 14300.0 5.0 1.0
PC14400g350v2.vis.dat 14400.0 3.5 1.0
PC14400g400v2.vis.dat 14400.0 4.0 1.0
PC14400g450v2.vis.dat 14400.0 4.5 1.0
PC14400g500v2.vis.dat 14400.0 5.0 1.0
PC14500g350v2.vis.dat 14500.0 3.5 1.0
PC14500g400v2.vis.dat 14500.0 4.0 1.0
PC14500g450v2.vis.dat 14500.0 4.5 1.0
PC14500g500v2.vis.dat 14500.0 5.0 1.0
PC14600g350v2.vis.dat 14600.0 3.5 1.0
PC14600g400v2.vis.dat 14600.0 4.0 1.0
PC14600g450v2.vis.dat 14600.0 4.5 1.0
PC14600g500v2.vis.dat 14600.0 5.0 1.0
PC14700g350v2.vis.dat 14700.0 3.5 1.0
PC14700g400v2.vis.dat 14700.0 4.0 1.0
PC14700g450v2.vis.dat 14700.0 4.5 1.0
PC14700g500v2.vis.dat 14700.0 5.0 1.0
PC14800g350v2.vis.dat 14800.0 3.5 1.0
PC14800g400v2.vis.dat 14800.0 4.0 1.0
PC14800g450v2.vis.dat 14800.0 4.5 1.0
PC14800g500v2.vis.dat 14800.0 5.0 1.0
PC14900g350v2.vis.dat 14900.0 3.5 1.0
PC14900g400v2.vis.dat 14900.0 4.0 1.0
PC14900g450v2.vis.dat 14900.0 4.5 1.0
PC14900g500v2.vis.dat 14900.0 5.0 1.0
PC15000g350v2.vis.dat 15000.0 3.5 1.0
PC15000g400v2.vis.dat 15000.0 4.0 1.0
PC15000g450v2.vis.dat 15000.0 4.5 1.0
PC15000g500v2.vis.dat 15000.0 5.0 1.0
