 4377.0000  0.998703
 4377.0300  0.998838
 4377.0600  0.999405
 4377.0900  1.000053
 4377.1200  1.000178
 4377.1500  0.999807
 4377.1800  0.999444
 4377.2100  0.999282
 4377.2400  0.999008
 4377.2700  0.998437
 4377.3000  0.997862
 4377.3300  0.997663
 4377.3600  0.998170
 4377.3900  0.999173
 4377.4200  1.000071
 4377.4500  1.000665
 4377.4800  1.000913
 4377.5100  1.000870
 4377.5400  1.000545
 4377.5700  1.000022
 4377.6000  0.999127
 4377.6300  0.997688
 4377.6600  0.996181
 4377.6900  0.994924
 4377.7200  0.994176
 4377.7500  0.994226
 4377.7800  0.994918
 4377.8100  0.995698
 4377.8400  0.996108
 4377.8700  0.996041
 4377.9000  0.995645
 4377.9300  0.995231
 4377.9600  0.995015
 4377.9900  0.995162
 4378.0200  0.995918
 4378.0500  0.997505
 4378.0800  0.999678
 4378.1100  1.001484
 4378.1400  1.002478
 4378.1700  1.002416
 4378.2000  1.001608
 4378.2300  1.000446
 4378.2600  0.999093
 4378.2900  0.997992
 4378.3200  0.997294
 4378.3500  0.997594
 4378.3800  0.998582
 4378.4100  0.999921
 4378.4400  1.001237
 4378.4700  1.001871
 4378.5000  1.001834
 4378.5300  1.001078
 4378.5600  0.999655
 4378.5900  0.997745
 4378.6200  0.995363
 4378.6500  0.992510
 4378.6800  0.989541
 4378.7100  0.987114
 4378.7400  0.985802
 4378.7700  0.985395
 4378.8000  0.985418
 4378.8300  0.984931
 4378.8600  0.983495
 4378.8900  0.981775
 4378.9200  0.980141
 4378.9500  0.978934
 4378.9800  0.978517
 4379.0100  0.978841
 4379.0400  0.979706
 4379.0700  0.980963
 4379.1000  0.982158
 4379.1300  0.982450
 4379.1600  0.981778
 4379.1900  0.981312
 4379.2200  0.982122
 4379.2500  0.984554
 4379.2800  0.987652
 4379.3100  0.989837
 4379.3400  0.991207
 4379.3700  0.992587
 4379.4000  0.994515
 4379.4300  0.996547
 4379.4600  0.997792
 4379.4900  0.998002
 4379.5200  0.997968
 4379.5500  0.998618
 4379.5800  0.999629
 4379.6100  1.000042
 4379.6400  0.999288
 4379.6700  0.997431
 4379.7000  0.995021
 4379.7300  0.992522
 4379.7600  0.989601
 4379.7900  0.986408
 4379.8200  0.983352
 4379.8500  0.981063
 4379.8800  0.979598
 4379.9100  0.978412
 4379.9400  0.977206
 4379.9700  0.975986
 4380.0000  0.975174
 4380.0300  0.974880
 4380.0600  0.974656
 4380.0900  0.973791
 4380.1200  0.972024
 4380.1500  0.969791
 4380.1800  0.967453
 4380.2100  0.965639
 4380.2400  0.964302
 4380.2700  0.963511
 4380.3000  0.963402
 4380.3300  0.963806
 4380.3600  0.964453
 4380.3900  0.964887
 4380.4200  0.965130
 4380.4500  0.965443
 4380.4800  0.966164
 4380.5100  0.967484
 4380.5400  0.969353
 4380.5700  0.971651
 4380.6000  0.974158
 4380.6300  0.976487
 4380.6600  0.978269
 4380.6900  0.979049
 4380.7200  0.978787
 4380.7500  0.977754
 4380.7800  0.976032
 4380.8100  0.974464
 4380.8400  0.973263
 4380.8700  0.972738
 4380.9000  0.972698
 4380.9300  0.972790
 4380.9600  0.973117
 4380.9900  0.973948
 4381.0200  0.975789
 4381.0500  0.978343
 4381.0800  0.981295
 4381.1100  0.984131
 4381.1400  0.986766
 4381.1700  0.989605
 4381.2000  0.992252
 4381.2300  0.994034
 4381.2600  0.994266
 4381.2900  0.992783
 4381.3200  0.990255
 4381.3500  0.987518
 4381.3800  0.984834
 4381.4100  0.982114
 4381.4400  0.979509
 4381.4700  0.977481
 4381.5000  0.976410
 4381.5300  0.976451
 4381.5600  0.977268
 4381.5900  0.978198
 4381.6200  0.978911
 4381.6500  0.979001
 4381.6800  0.978269
 4381.7100  0.976737
 4381.7400  0.974661
 4381.7700  0.972442
 4381.8000  0.970363
 4381.8300  0.968582
 4381.8600  0.967629
 4381.8900  0.967696
 4381.9200  0.968575
 4381.9500  0.969580
 4381.9800  0.969868
 4382.0100  0.969064
 4382.0400  0.967397
 4382.0700  0.965334
 4382.1000  0.962735
 4382.1300  0.959616
 4382.1600  0.956006
 4382.1900  0.952273
 4382.2200  0.949577
 4382.2500  0.948632
 4382.2800  0.949322
 4382.3100  0.951222
 4382.3400  0.953577
 4382.3700  0.955441
 4382.4000  0.956216
 4382.4300  0.955835
 4382.4600  0.954338
 4382.4900  0.952390
 4382.5200  0.950424
 4382.5500  0.948245
 4382.5800  0.945647
 4382.6100  0.942907
 4382.6400  0.940517
 4382.6700  0.938789
 4382.7000  0.937445
 4382.7300  0.936002
 4382.7600  0.934234
 4382.7900  0.932601
 4382.8200  0.931716
 4382.8500  0.931446
 4382.8800  0.931469
 4382.9100  0.931154
 4382.9400  0.930531
 4382.9700  0.929959
 4383.0000  0.929745
 4383.0300  0.929956
 4383.0600  0.930306
 4383.0900  0.930637
 4383.1200  0.930966
 4383.1500  0.931070
 4383.1800  0.930784
 4383.2100  0.930084
 4383.2400  0.929125
 4383.2700  0.928363
 4383.3000  0.927943
 4383.3300  0.927521
 4383.3600  0.926639
 4383.3900  0.925132
 4383.4200  0.923152
 4383.4500  0.921133
 4383.4800  0.919678
 4383.5100  0.918936
 4383.5400  0.919044
 4383.5700  0.919896
 4383.6000  0.921469
 4383.6300  0.923846
 4383.6600  0.927023
 4383.6900  0.930845
 4383.7200  0.934334
 4383.7500  0.936733
 4383.7800  0.937525
 4383.8100  0.936948
 4383.8400  0.935903
 4383.8700  0.935193
 4383.9000  0.935117
 4383.9300  0.935184
 4383.9600  0.935257
 4383.9900  0.935697
 4384.0200  0.937094
 4384.0500  0.939764
 4384.0800  0.943187
 4384.1100  0.946054
 4384.1400  0.947443
 4384.1700  0.947322
 4384.2000  0.946306
 4384.2300  0.945144
 4384.2600  0.944113
 4384.2900  0.942822
 4384.3200  0.940869
 4384.3500  0.938469
 4384.3800  0.936303
 4384.4100  0.935029
 4384.4400  0.934685
 4384.4700  0.934581
 4384.5000  0.933984
 4384.5300  0.932949
 4384.5600  0.931816
 4384.5900  0.931181
 4384.6200  0.931380
 4384.6500  0.932412
 4384.6800  0.934189
 4384.7100  0.936565
 4384.7400  0.939247
 4384.7700  0.941752
 4384.8000  0.943822
 4384.8300  0.945149
 4384.8600  0.945715
 4384.8900  0.945903
 4384.9200  0.946096
 4384.9500  0.947093
 4384.9800  0.948690
 4385.0100  0.950508
 4385.0400  0.951821
 4385.0700  0.952021
 4385.1000  0.951285
 4385.1300  0.950253
 4385.1600  0.949884
 4385.1900  0.950491
 4385.2200  0.951806
 4385.2500  0.953247
 4385.2800  0.954609
 4385.3100  0.956516
 4385.3400  0.959730
 4385.3700  0.964049
 4385.4000  0.968650
 4385.4300  0.972332
 4385.4600  0.974768
 4385.4900  0.976397
 4385.5200  0.977405
 4385.5500  0.977753
 4385.5800  0.977137
 4385.6100  0.975946
 4385.6400  0.974828
 4385.6700  0.974533
 4385.7000  0.975422
 4385.7300  0.977194
 4385.7600  0.979656
 4385.7900  0.982306
 4385.8200  0.984905
 4385.8500  0.987587
 4385.8800  0.990406
 4385.9100  0.992999
 4385.9400  0.994722
 4385.9700  0.994949
 4386.0000  0.993415
 4386.0300  0.990904
 4386.0600  0.988180
 4386.0900  0.985619
 4386.1200  0.983527
 4386.1500  0.982148
 4386.1800  0.981528
 4386.2100  0.981961
 4386.2400  0.983019
 4386.2700  0.983920
 4386.3000  0.984243
 4386.3300  0.983777
 4386.3600  0.982244
 4386.3900  0.979979
 4386.4200  0.977057
 4386.4500  0.973805
 4386.4800  0.970732
 4386.5100  0.968155
 4386.5400  0.966076
 4386.5700  0.964396
 4386.6000  0.963110
 4386.6300  0.961980
 4386.6600  0.961391
 4386.6900  0.961468
 4386.7200  0.961770
 4386.7500  0.961782
 4386.7800  0.961062
 4386.8100  0.959747
 4386.8400  0.958640
 4386.8700  0.958205
 4386.9000  0.958412
 4386.9300  0.959102
 4386.9600  0.960348
 4386.9900  0.962420
 4387.0200  0.965072
 4387.0500  0.967314
 4387.0800  0.967941
 4387.1100  0.966429
 4387.1400  0.963439
 4387.1700  0.960417
 4387.2000  0.958523
 4387.2300  0.957918
 4387.2600  0.958214
 4387.2900  0.958891
 4387.3200  0.959845
 4387.3500  0.961252
 4387.3800  0.962829
 4387.4100  0.963739
 4387.4400  0.963717
 4387.4700  0.963124
 4387.5000  0.962892
 4387.5300  0.963765
 4387.5600  0.965522
 4387.5900  0.967292
 4387.6200  0.968691
 4387.6500  0.969669
 4387.6800  0.970261
 4387.7100  0.970323
 4387.7400  0.969494
 4387.7700  0.967697
 4387.8000  0.965448
 4387.8300  0.963029
 4387.8600  0.960527
 4387.8900  0.958296
 4387.9200  0.956879
 4387.9500  0.956724
 4387.9800  0.957904
 4388.0100  0.959888
 4388.0400  0.961692
 4388.0700  0.963016
 4388.1000  0.963859
 4388.1300  0.964045
 4388.1600  0.963373
 4388.1900  0.961894
 4388.2200  0.960004
 4388.2500  0.958671
 4388.2800  0.958657
 4388.3100  0.960093
 4388.3400  0.962357
 4388.3700  0.964644
 4388.4000  0.966579
 4388.4300  0.968234
 4388.4600  0.970375
 4388.4900  0.973488
 4388.5200  0.976962
 4388.5500  0.979482
 4388.5800  0.980060
 4388.6100  0.978759
 4388.6400  0.976619
 4388.6700  0.974750
 4388.7000  0.973181
 4388.7300  0.971369
 4388.7600  0.969214
 4388.7900  0.967286
 4388.8200  0.966142
 4388.8500  0.965649
 4388.8800  0.965145
 4388.9100  0.964147
 4388.9400  0.963092
 4388.9700  0.962686
 4389.0000  0.963084
 4389.0300  0.963913
 4389.0600  0.964730
 4389.0900  0.966081
 4389.1200  0.968348
 4389.1500  0.971286
 4389.1800  0.973915
 4389.2100  0.975218
 4389.2400  0.975187
 4389.2700  0.974441
 4389.3000  0.973676
 4389.3300  0.972800
 4389.3600  0.971652
 4389.3900  0.970215
 4389.4200  0.968556
 4389.4500  0.966977
 4389.4800  0.965096
 4389.5100  0.962587
 4389.5400  0.959356
 4389.5700  0.955507
 4389.6000  0.951488
 4389.6300  0.948036
 4389.6600  0.945800
 4389.6900  0.945219
 4389.7200  0.946094
 4389.7500  0.947543
 4389.7800  0.948773
 4389.8100  0.949688
 4389.8400  0.950634
 4389.8700  0.951804
 4389.9000  0.953061
 4389.9300  0.953861
 4389.9600  0.953837
 4389.9900  0.953378
 4390.0200  0.952972
 4390.0500  0.952573
 4390.0800  0.952397
 4390.1100  0.952113
 4390.1400  0.951698
 4390.1700  0.951318
 4390.2000  0.951452
 4390.2300  0.952599
 4390.2600  0.954695
 4390.2900  0.957367
 4390.3200  0.959326
 4390.3500  0.959817
 4390.3800  0.958909
 4390.4100  0.957479
 4390.4400  0.956471
 4390.4700  0.955878
 4390.5000  0.955325
 4390.5300  0.954288
 4390.5600  0.953074
 4390.5900  0.951874
 4390.6200  0.950318
 4390.6500  0.947917
 4390.6800  0.944641
 4390.7100  0.941702
 4390.7400  0.940195
 4390.7700  0.940431
 4390.8000  0.941752
 4390.8300  0.943523
 4390.8600  0.945751
 4390.8900  0.948208
 4390.9200  0.950684
 4390.9500  0.952921
 4390.9800  0.955242
 4391.0100  0.958321
 4391.0400  0.962316
 4391.0700  0.966426
 4391.1000  0.969487
 4391.1300  0.971101
 4391.1600  0.971358
 4391.1900  0.970828
 4391.2200  0.969877
 4391.2500  0.968453
 4391.2800  0.966513
 4391.3100  0.963901
 4391.3400  0.960525
 4391.3700  0.956743
 4391.4000  0.953034
 4391.4300  0.949663
 4391.4600  0.946619
 4391.4900  0.943749
 4391.5200  0.941072
 4391.5500  0.939052
 4391.5800  0.937908
 4391.6100  0.937565
 4391.6400  0.938036
 4391.6700  0.939455
 4391.7000  0.941699
 4391.7300  0.944447
 4391.7600  0.947380
 4391.7900  0.950085
 4391.8200  0.952678
 4391.8500  0.955199
 4391.8800  0.957118
 4391.9100  0.958339
 4391.9400  0.959199
 4391.9700  0.960340
 4392.0000  0.962519
 4392.0300  0.965881
 4392.0600  0.969735
 4392.0900  0.973195
 4392.1200  0.975861
 4392.1500  0.977730
 4392.1800  0.979158
 4392.2100  0.980416
 4392.2400  0.981183
 4392.2700  0.981020
 4392.3000  0.979987
 4392.3300  0.978311
 4392.3600  0.976821
 4392.3900  0.976185
 4392.4200  0.976737
 4392.4500  0.978279
 4392.4800  0.980163
 4392.5100  0.981620
 4392.5400  0.981915
 4392.5700  0.980939
 4392.6000  0.978749
 4392.6300  0.975716
 4392.6600  0.972500
 4392.6900  0.969871
 4392.7200  0.968467
 4392.7500  0.968158
 4392.7800  0.968123
 4392.8100  0.967193
 4392.8400  0.964956
 4392.8700  0.961869
 4392.9000  0.958897
 4392.9300  0.957151
 4392.9600  0.956540
 4392.9900  0.956702
 4393.0200  0.957067
 4393.0500  0.957441
 4393.0800  0.957870
 4393.1100  0.958196
 4393.1400  0.958218
 4393.1700  0.957432
 4393.2000  0.956196
 4393.2300  0.955172
 4393.2600  0.955081
 4393.2900  0.956373
 4393.3200  0.958670
 4393.3500  0.961027
 4393.3800  0.962981
 4393.4100  0.964290
 4393.4400  0.964877
 4393.4700  0.964462
 4393.5000  0.962650
 4393.5300  0.959659
 4393.5600  0.956526
 4393.5900  0.954464
 4393.6200  0.953597
 4393.6500  0.953131
 4393.6800  0.952253
 4393.7100  0.950941
 4393.7400  0.949963
 4393.7700  0.949802
 4393.8000  0.950453
 4393.8300  0.951405
 4393.8600  0.952684
 4393.8900  0.954949
 4393.9200  0.958675
 4393.9500  0.963667
 4393.9800  0.968859
 4394.0100  0.972946
 4394.0400  0.975205
 4394.0700  0.976193
 4394.1000  0.976841
 4394.1300  0.977448
 4394.1600  0.978024
 4394.1900  0.977717
 4394.2200  0.976769
 4394.2500  0.975971
 4394.2800  0.976096
 4394.3100  0.977178
 4394.3400  0.978228
 4394.3700  0.978283
 4394.4000  0.976661
 4394.4300  0.974035
 4394.4600  0.970777
 4394.4900  0.966683
 4394.5200  0.961582
 4394.5500  0.955593
 4394.5800  0.949623
 4394.6100  0.944776
 4394.6400  0.941071
 4394.6700  0.937727
 4394.7000  0.934086
 4394.7300  0.930315
 4394.7600  0.927267
 4394.7900  0.925287
 4394.8200  0.924339
 4394.8500  0.924037
 4394.8800  0.924391
 4394.9100  0.925766
 4394.9400  0.928343
 4394.9700  0.932001
 4395.0000  0.936096
 4395.0300  0.940117
 4395.0600  0.943103
 4395.0900  0.944504
 4395.1200  0.944674
 4395.1500  0.944421
 4395.1800  0.944645
 4395.2100  0.945712
 4395.2400  0.947064
 4395.2700  0.948132
 4395.3000  0.948810
 4395.3300  0.949323
 4395.3600  0.949924
 4395.3900  0.950617
 4395.4200  0.951003
 4395.4500  0.950666
 4395.4800  0.949994
 4395.5100  0.949968
 4395.5400  0.951403
 4395.5700  0.954355
 4395.6000  0.957912
 4395.6300  0.961159
 4395.6600  0.963957
 4395.6900  0.966804
 4395.7200  0.969914
 4395.7500  0.972770
 4395.7800  0.974739
 4395.8100  0.975743
 4395.8400  0.976439
 4395.8700  0.977575
 4395.9000  0.979365
 4395.9300  0.981314
 4395.9600  0.982699
 4395.9900  0.983253
 4396.0200  0.983052
 4396.0500  0.982501
 4396.0800  0.981907
 4396.1100  0.981160
 4396.1400  0.980169
 4396.1700  0.979298
 4396.2000  0.979075
 4396.2300  0.980141
 4396.2600  0.982283
 4396.2900  0.984894
 4396.3200  0.987078
 4396.3500  0.988161
 4396.3800  0.988297
 4396.4100  0.987747
 4396.4400  0.987061
 4396.4700  0.986322
 4396.5000  0.985498
 4396.5300  0.984425
 4396.5600  0.983079
 4396.5900  0.981975
 4396.6200  0.981273
 4396.6500  0.981379
 4396.6800  0.982012
 4396.7100  0.982887
 4396.7400  0.983871
 4396.7700  0.984888
 4396.8000  0.986131
 4396.8300  0.986939
 4396.8600  0.986685
 4396.8900  0.984931
 4396.9200  0.982295
 4396.9500  0.980019
 4396.9800  0.978766
 4397.0100  0.978544
 4397.0400  0.978469
 4397.0700  0.978223
 4397.1000  0.978133
 4397.1300  0.978714
 4397.1600  0.980008
 4397.1900  0.981261
 4397.2200  0.981490
 4397.2500  0.980288
 4397.2800  0.978255
 4397.3100  0.976510
 4397.3400  0.976083
 4397.3700  0.977169
 4397.4000  0.978805
 4397.4300  0.979848
 4397.4600  0.979785
 4397.4900  0.978981
 4397.5200  0.977933
 4397.5500  0.976688
 4397.5800  0.974842
 4397.6100  0.972069
 4397.6400  0.968829
 4397.6700  0.965789
 4397.7000  0.963267
 4397.7300  0.960954
 4397.7600  0.958441
 4397.7900  0.955910
 4397.8200  0.954079
 4397.8500  0.953701
 4397.8800  0.954850
 4397.9100  0.956898
 4397.9400  0.959130
 4397.9700  0.961103
 4398.0000  0.962662
 4398.0300  0.963982
 4398.0600  0.965177
 4398.0900  0.966421
 4398.1200  0.967897
 4398.1500  0.969624
 4398.1800  0.971513
 4398.2100  0.973442
 4398.2400  0.975057
 4398.2700  0.976168
 4398.3000  0.976341
 4398.3300  0.975491
 4398.3600  0.973946
 4398.3900  0.972254
 4398.4200  0.971190
 4398.4500  0.971129
 4398.4800  0.972184
 4398.5100  0.974028
 4398.5400  0.976410
 4398.5700  0.978848
 4398.6000  0.980570
 4398.6300  0.981439
 4398.6600  0.981171
 4398.6900  0.980121
 4398.7200  0.978603
 4398.7500  0.976914
 4398.7800  0.975374
 4398.8100  0.974300
 4398.8400  0.974244
 4398.8700  0.974909
 4398.9000  0.975859
 4398.9300  0.976193
 4398.9600  0.975315
 4398.9900  0.973430
 4399.0200  0.971035
 4399.0500  0.968809
 4399.0800  0.966983
 4399.1100  0.965664
 4399.1400  0.964713
 4399.1700  0.963883
 4399.2000  0.962918
 4399.2300  0.961377
 4399.2600  0.959006
 4399.2900  0.955930
 4399.3200  0.952719
 4399.3500  0.949993
 4399.3800  0.948281
 4399.4100  0.947911
 4399.4400  0.948801
 4399.4700  0.950946
 4399.5000  0.953839
 4399.5300  0.956891
 4399.5600  0.959462
 4399.5900  0.961072
 4399.6200  0.961891
 4399.6500  0.962606
 4399.6800  0.963769
 4399.7100  0.965529
 4399.7400  0.967481
 4399.7700  0.968791
 4399.8000  0.968838
 4399.8300  0.967754
 4399.8600  0.966003
 4399.8900  0.964168
 4399.9200  0.962454
 4399.9500  0.960757
 4399.9800  0.958842
 4400.0100  0.956759
 4400.0400  0.954966
 4400.0700  0.953304
 4400.1000  0.951655
 4400.1300  0.949511
 4400.1600  0.946392
 4400.1900  0.942466
 4400.2200  0.938689
 4400.2500  0.936397
 4400.2800  0.936301
 4400.3100  0.938437
 4400.3400  0.941334
 4400.3700  0.943488
 4400.4000  0.944693
 4400.4300  0.945737
 4400.4600  0.947720
 4400.4900  0.950853
 4400.5200  0.953908
 4400.5500  0.955611
 4400.5800  0.955977
 4400.6100  0.956093
 4400.6400  0.956917
 4400.6700  0.958572
 4400.7000  0.960169
 4400.7300  0.960906
 4400.7600  0.960941
 4400.7900  0.961035
 4400.8200  0.961674
 4400.8500  0.962612
 4400.8800  0.962877
 4400.9100  0.961746
 4400.9400  0.959341
 4400.9700  0.956656
 4401.0000  0.954721
 4401.0300  0.953736
 4401.0600  0.953092
 4401.0900  0.951927
 4401.1200  0.949920
 4401.1500  0.947402
 4401.1800  0.944927
 4401.2100  0.942689
 4401.2400  0.940604
 4401.2700  0.939076
 4401.3000  0.938616
 4401.3300  0.940014
 4401.3600  0.943386
 4401.3900  0.948047
 4401.4200  0.953267
 4401.4500  0.958710
 4401.4800  0.964183
 4401.5100  0.969596
 4401.5400  0.974487
 4401.5700  0.978315
 4401.6000  0.980841
 4401.6300  0.982361
 4401.6600  0.983657
 4401.6900  0.985212
 4401.7200  0.987331
 4401.7500  0.989488
 4401.7800  0.991307
 4401.8100  0.992740
 4401.8400  0.993759
 4401.8700  0.994947
 4401.9000  0.996116
 4401.9300  0.997155
 4401.9600  0.998068
 4401.9900  0.998871
 4402.0200  0.999433
 4402.0500  0.999345
 4402.0800  0.998234
 4402.1100  0.996262
 4402.1400  0.994158
 4402.1700  0.992506
 4402.2000  0.991525
 4402.2300  0.991111
 4402.2600  0.990844
 4402.2900  0.990372
 4402.3200  0.989305
 4402.3500  0.987755
 4402.3800  0.986460
 4402.4100  0.986532
 4402.4400  0.988579
 4402.4700  0.991839
 4402.5000  0.995001
 4402.5300  0.996568
 4402.5600  0.996115
 4402.5900  0.993700
 4402.6200  0.989460
 4402.6500  0.983821
 4402.6800  0.977240
 4402.7100  0.971221
 4402.7400  0.966987
 4402.7700  0.965111
 4402.8000  0.965100
 4402.8300  0.965790
 4402.8600  0.966356
 4402.8900  0.966241
 4402.9200  0.965530
 4402.9500  0.964224
 4402.9800  0.962180
 4403.0100  0.959470
 4403.0400  0.956511
 4403.0700  0.953870
 4403.1000  0.952063
 4403.1300  0.951022
 4403.1600  0.950412
 4403.1900  0.949924
 4403.2200  0.949656
 4403.2500  0.950006
 4403.2800  0.950983
 4403.3100  0.952494
 4403.3400  0.953821
 4403.3700  0.954564
 4403.4000  0.954740
 4403.4300  0.954705
 4403.4600  0.955017
 4403.4900  0.955556
 4403.5200  0.955832
 4403.5500  0.955318
 4403.5800  0.954074
 4403.6100  0.952525
 4403.6400  0.950885
 4403.6700  0.949026
 4403.7000  0.946711
 4403.7300  0.944397
 4403.7600  0.942865
 4403.7900  0.942475
 4403.8200  0.942885
 4403.8500  0.943358
 4403.8800  0.943308
 4403.9100  0.942578
 4403.9400  0.941278
 4403.9700  0.939216
 4404.0000  0.936494
 4404.0300  0.933798
 4404.0600  0.931835
 4404.0900  0.930928
 4404.1200  0.930695
 4404.1500  0.930404
 4404.1800  0.929466
 4404.2100  0.927854
 4404.2400  0.925651
 4404.2700  0.922654
 4404.3000  0.919310
 4404.3300  0.915902
 4404.3600  0.912948
 4404.3900  0.910857
 4404.4200  0.909928
 4404.4500  0.910425
 4404.4800  0.912094
 4404.5100  0.914055
 4404.5400  0.915154
 4404.5700  0.914957
 4404.6000  0.914147
 4404.6300  0.913753
 4404.6600  0.914164
 4404.6900  0.914955
 4404.7200  0.915243
 4404.7500  0.915396
 4404.7800  0.916072
 4404.8100  0.917833
 4404.8400  0.920646
 4404.8700  0.923473
 4404.9000  0.925669
 4404.9300  0.927156
 4404.9600  0.928534
 4404.9900  0.930276
 4405.0200  0.932503
 4405.0500  0.935044
 4405.0800  0.937425
 4405.1100  0.939600
 4405.1400  0.941634
 4405.1700  0.943336
 4405.2000  0.944454
 4405.2300  0.944803
 4405.2600  0.944451
 4405.2900  0.944028
 4405.3200  0.944119
 4405.3500  0.945043
 4405.3800  0.946750
 4405.4100  0.949068
 4405.4400  0.951608
 4405.4700  0.953720
 4405.5000  0.955180
 4405.5300  0.955941
 4405.5600  0.956494
 4405.5900  0.956882
 4405.6200  0.956696
 4405.6500  0.955672
 4405.6800  0.954047
 4405.7100  0.952925
 4405.7400  0.952831
 4405.7700  0.953568
 4405.8000  0.954395
 4405.8300  0.955029
 4405.8600  0.956061
 4405.8900  0.957854
 4405.9200  0.960148
 4405.9500  0.961944
 4405.9800  0.962487
 4406.0100  0.961998
 4406.0400  0.961253
 4406.0700  0.960673
 4406.1000  0.960133
 4406.1300  0.959579
 4406.1600  0.959167
 4406.1900  0.959185
 4406.2200  0.959697
 4406.2500  0.960177
 4406.2800  0.959845
 4406.3100  0.958599
 4406.3400  0.956481
 4406.3700  0.953990
 4406.4000  0.951764
 4406.4300  0.950379
 4406.4600  0.950370
 4406.4900  0.952088
 4406.5200  0.955568
 4406.5500  0.959942
 4406.5800  0.964210
 4406.6100  0.967387
 4406.6400  0.968856
 4406.6700  0.968835
 4406.7000  0.967845
 4406.7300  0.966300
 4406.7600  0.964527
 4406.7900  0.962831
 4406.8200  0.961576
 4406.8500  0.960989
 4406.8800  0.961013
 4406.9100  0.961685
 4406.9400  0.962809
 4406.9700  0.964502
 4407.0000  0.966600
 4407.0300  0.968573
 4407.0600  0.969961
 4407.0900  0.970483
 4407.1200  0.970203
 4407.1500  0.969090
 4407.1800  0.967051
 4407.2100  0.964006
 4407.2400  0.960198
 4407.2700  0.956301
 4407.3000  0.953024
 4407.3300  0.951011
 4407.3600  0.950034
 4407.3900  0.949727
 4407.4200  0.949664
 4407.4500  0.949661
 4407.4800  0.950125
 4407.5100  0.951039
 4407.5400  0.952175
 4407.5700  0.952922
 4407.6000  0.953247
 4407.6300  0.953663
 4407.6600  0.954662
 4407.6900  0.956518
 4407.7200  0.958551
 4407.7500  0.959462
 4407.7800  0.958260
 4407.8100  0.954980
 4407.8400  0.950713
 4407.8700  0.946927
 4407.9000  0.944513
 4407.9300  0.943304
 4407.9600  0.942610
 4407.9900  0.942045
 4408.0200  0.941511
 4408.0500  0.940611
 4408.0800  0.938620
 4408.1100  0.935264
 4408.1400  0.930853
 4408.1700  0.926513
 4408.2000  0.923202
 4408.2300  0.921419
 4408.2600  0.921330
 4408.2900  0.922734
 4408.3200  0.925498
 4408.3500  0.928419
 4408.3800  0.930623
 4408.4100  0.931863
 4408.4400  0.932773
 4408.4700  0.934509
 4408.5000  0.937055
 4408.5300  0.939670
 4408.5600  0.941466
 4408.5900  0.942196
 4408.6200  0.942124
 4408.6500  0.941674
 4408.6800  0.941338
 4408.7100  0.941521
 4408.7400  0.942877
 4408.7700  0.945305
 4408.8000  0.947952
 4408.8300  0.949841
 4408.8600  0.950523
 4408.8900  0.950337
 4408.9200  0.949865
 4408.9500  0.949390
 4408.9800  0.948861
 4409.0100  0.948426
 4409.0400  0.948576
 4409.0700  0.949657
 4409.1000  0.951463
 4409.1300  0.953528
 4409.1600  0.955679
 4409.1900  0.958064
 4409.2200  0.960909
 4409.2500  0.964138
 4409.2800  0.967262
 4409.3100  0.969936
 4409.3400  0.972371
 4409.3700  0.975068
 4409.4000  0.978023
 4409.4300  0.980901
 4409.4600  0.983328
 4409.4900  0.984915
 4409.5200  0.986195
 4409.5500  0.987638
 4409.5800  0.989314
 4409.6100  0.991153
 4409.6400  0.993053
 4409.6700  0.994780
 4409.7000  0.995995
 4409.7300  0.996277
 4409.7600  0.995242
 4409.7900  0.992984
 4409.8200  0.990148
 4409.8500  0.987304
 4409.8800  0.984568
 4409.9100  0.982216
 4409.9400  0.980228
 4409.9700  0.978931
 4410.0000  0.978352
 4410.0300  0.978001
 4410.0600  0.977377
 4410.0900  0.976338
 4410.1200  0.975143
 4410.1500  0.974462
 4410.1800  0.974693
 4410.2100  0.975535
 4410.2400  0.976421
 4410.2700  0.976935
 4410.3000  0.976662
 4410.3300  0.975794
 4410.3600  0.974359
 4410.3900  0.972596
 4410.4200  0.970944
 4410.4500  0.969844
 4410.4800  0.969664
 4410.5100  0.970414
 4410.5400  0.972033
 4410.5700  0.974049
 4410.6000  0.976032
 4410.6300  0.977496
 4410.6600  0.977858
 4410.6900  0.977021
 4410.7200  0.975208
 4410.7500  0.972968
 4410.7800  0.970851
 4410.8100  0.969192
 4410.8400  0.968089
 4410.8700  0.967560
 4410.9000  0.967684
 4410.9300  0.968416
 4410.9600  0.969829
 4410.9900  0.971899
 4411.0200  0.974499
 4411.0500  0.977507
 4411.0800  0.980849
 4411.1100  0.984665
 4411.1400  0.989172
 4411.1700  0.993921
 4411.2000  0.998014
 4411.2300  1.000503
 4411.2600  1.000915
 4411.2900  0.999722
 4411.3200  0.997764
 4411.3500  0.995815
 4411.3800  0.994183
 4411.4100  0.992867
 4411.4400  0.991669
 4411.4700  0.990180
 4411.5000  0.987953
 4411.5300  0.984347
 4411.5600  0.979300
 4411.5900  0.973275
 4411.6200  0.966911
 4411.6500  0.960838
 4411.6800  0.955405
 4411.7100  0.950341
 4411.7400  0.946078
 4411.7700  0.943315
 4411.8000  0.942421
 4411.8300  0.943200
 4411.8600  0.944930
 4411.8900  0.946712
 4411.9200  0.948139
 4411.9500  0.949463
 4411.9800  0.950656
 4412.0100  0.951757
 4412.0400  0.952876
 4412.0700  0.953907
 4412.1000  0.955281
 4412.1300  0.957281
 4412.1600  0.960335
 4412.1900  0.964610
 4412.2200  0.970028
 4412.2500  0.976238
 4412.2800  0.982367
 4412.3100  0.987536
 4412.3400  0.991076
 4412.3700  0.992956
 4412.4000  0.993849
 4412.4300  0.994552
 4412.4600  0.995558
 4412.4900  0.997100
 4412.5200  0.998758
 4412.5500  1.000215
 4412.5800  1.001120
 4412.6100  1.001441
 4412.6400  1.001347
 4412.6700  1.000734
 4412.7000  0.999619
 4412.7300  0.997822
 4412.7600  0.995469
 4412.7900  0.993166
 4412.8200  0.991344
 4412.8500  0.989994
 4412.8800  0.989098
 4412.9100  0.988343
 4412.9400  0.987738
 4412.9700  0.987302
 4413.0000  0.987193
 4413.0300  0.987705
 4413.0600  0.988968
 4413.0900  0.990756
 4413.1200  0.992325
 4413.1500  0.993099
 4413.1800  0.993010
 4413.2100  0.992292
 4413.2400  0.990966
 4413.2700  0.988672
 4413.3000  0.985307
 4413.3300  0.981414
 4413.3600  0.977613
 4413.3900  0.974381
 4413.4200  0.971713
 4413.4500  0.969341
 4413.4800  0.967549
 4413.5100  0.966539
 4413.5400  0.966099
 4413.5700  0.965854
 4413.6000  0.965549
 4413.6300  0.965133
 4413.6600  0.964659
 4413.6900  0.964091
 4413.7200  0.963165
 4413.7500  0.961798
 4413.7800  0.960330
 4413.8100  0.958991
 4413.8400  0.957899
 4413.8700  0.957478
 4413.9000  0.957635
 4413.9300  0.958297
 4413.9600  0.959170
 4413.9900  0.960004
 4414.0200  0.960640
 4414.0500  0.960936
 4414.0800  0.960871
 4414.1100  0.960041
 4414.1400  0.958604
 4414.1700  0.956863
 4414.2000  0.955169
 4414.2300  0.953793
 4414.2600  0.952659
 4414.2900  0.951613
 4414.3200  0.950558
 4414.3500  0.949755
 4414.3800  0.949038
 4414.4100  0.948036
 4414.4400  0.946546
 4414.4700  0.944327
 4414.5000  0.941726
 4414.5300  0.938862
 4414.5600  0.935521
 4414.5900  0.931960
 4414.6200  0.929053
 4414.6500  0.927645
 4414.6800  0.927974
 4414.7100  0.928990
 4414.7400  0.929716
 4414.7700  0.929762
 4414.8000  0.929316
 4414.8300  0.928631
 4414.8600  0.927537
 4414.8900  0.926097
 4414.9200  0.924967
 4414.9500  0.924805
 4414.9800  0.925675
 4415.0100  0.926970
 4415.0400  0.927855
 4415.0700  0.927929
 4415.1000  0.927585
 4415.1300  0.927360
 4415.1600  0.927400
 4415.1900  0.927623
 4415.2200  0.928138
 4415.2500  0.929330
 4415.2800  0.931458
 4415.3100  0.934358
 4415.3400  0.937317
 4415.3700  0.939939
 4415.4000  0.942414
 4415.4300  0.945105
 4415.4600  0.948093
 4415.4900  0.951015
 4415.5200  0.953463
 4415.5500  0.955390
 4415.5800  0.957287
 4415.6100  0.959781
 4415.6400  0.963112
 4415.6700  0.967219
 4415.7000  0.972070
 4415.7300  0.977366
 4415.7600  0.982720
 4415.7900  0.987148
 4415.8200  0.989497
 4415.8500  0.989551
 4415.8800  0.987568
 4415.9100  0.984270
 4415.9400  0.980406
 4415.9700  0.976479
 4416.0000  0.972763
 4416.0300  0.969572
 4416.0600  0.967200
 4416.0900  0.965032
 4416.1200  0.962774
 4416.1500  0.960291
 4416.1800  0.957484
 4416.2100  0.954659
 4416.2400  0.952368
 4416.2700  0.950493
 4416.3000  0.949156
 4416.3300  0.948530
 4416.3600  0.948593
 4416.3900  0.949215
 4416.4200  0.950049
 4416.4500  0.950485
 4416.4800  0.950555
 4416.5100  0.950877
 4416.5400  0.951759
 4416.5700  0.952975
 4416.6000  0.954154
 4416.6300  0.955256
 4416.6600  0.956748
 4416.6900  0.959269
 4416.7200  0.962202
 4416.7500  0.964879
 4416.7800  0.966909
 4416.8100  0.968302
 4416.8400  0.969614
 4416.8700  0.970793
 4416.9000  0.971272
 4416.9300  0.970283
 4416.9600  0.967987
 4416.9900  0.965255
 4417.0200  0.962881
 4417.0500  0.961323
 4417.0800  0.959680
 4417.1100  0.957281
 4417.1400  0.954168
 4417.1700  0.951235
 4417.2000  0.949415
 4417.2300  0.948739
 4417.2600  0.948780
 4417.2900  0.949078
 4417.3200  0.949899
 4417.3500  0.951619
 4417.3800  0.954168
 4417.4100  0.956927
 4417.4400  0.959065
 4417.4700  0.960521
 4417.5000  0.961680
 4417.5300  0.963202
 4417.5600  0.965220
 4417.5900  0.967322
 4417.6200  0.969177
 4417.6500  0.970693
 4417.6800  0.972298
 4417.7100  0.974214
 4417.7400  0.976457
 4417.7700  0.978671
 4417.8000  0.980347
 4417.8300  0.981223
 4417.8600  0.981080
 4417.8900  0.980440
 4417.9200  0.979466
 4417.9500  0.978184
 4417.9800  0.976383
 4418.0100  0.973767
 4418.0400  0.970883
 4418.0700  0.968411
 4418.1000  0.966781
 4418.1300  0.965552
 4418.1600  0.964021
 4418.1900  0.962013
 4418.2200  0.960004
 4418.2500  0.958835
 4418.2800  0.959026
 4418.3100  0.960188
 4418.3400  0.961628
 4418.3700  0.962867
 4418.4000  0.963846
 4418.4300  0.964742
 4418.4600  0.965240
 4418.4900  0.965159
 4418.5200  0.964399
 4418.5500  0.963483
 4418.5800  0.963161
 4418.6100  0.963505
 4418.6400  0.964097
 4418.6700  0.964369
 4418.7000  0.964474
 4418.7300  0.964930
 4418.7600  0.966158
 4418.7900  0.968047
 4418.8200  0.969845
 4418.8500  0.971081
 4418.8800  0.972077
 4418.9100  0.973486
 4418.9400  0.975784
 4418.9700  0.978780
 4419.0000  0.981752
 4419.0300  0.984286
 4419.0600  0.986337
 4419.0900  0.988145
 4419.1200  0.989598
 4419.1500  0.990409
 4419.1800  0.990402
 4419.2100  0.989725
 4419.2400  0.989248
 4419.2700  0.989150
 4419.3000  0.988811
 4419.3300  0.987382
 4419.3600  0.984437
 4419.3900  0.980390
 4419.4200  0.976317
 4419.4500  0.972948
 4419.4800  0.970014
 4419.5100  0.967160
 4419.5400  0.964532
 4419.5700  0.962595
 4419.6000  0.961654
 4419.6300  0.961618
 4419.6600  0.962019
 4419.6900  0.962492
 4419.7200  0.962970
 4419.7500  0.963331
 4419.7800  0.963556
 4419.8100  0.964126
 4419.8400  0.965155
 4419.8700  0.966660
 4419.9000  0.968005
 4419.9300  0.968550
 4419.9600  0.968306
 4419.9900  0.967764
 4420.0200  0.967330
 4420.0500  0.966802
 4420.0800  0.965764
 4420.1100  0.964041
 4420.1400  0.962081
 4420.1700  0.960545
 4420.2000  0.959522
 4420.2300  0.958681
 4420.2600  0.957769
 4420.2900  0.956817
 4420.3200  0.956213
 4420.3500  0.956437
 4420.3800  0.957587
 4420.4100  0.959292
 4420.4400  0.961330
 4420.4700  0.963293
 4420.5000  0.965164
 4420.5300  0.967054
 4420.5600  0.969157
 4420.5900  0.971958
 4420.6200  0.975567
 4420.6500  0.979795
 4420.6800  0.983615
 4420.7100  0.985679
 4420.7400  0.985270
 4420.7700  0.982613
 4420.8000  0.978594
 4420.8300  0.974574
 4420.8600  0.971325
 4420.8900  0.968957
 4420.9200  0.967330
 4420.9500  0.966232
 4420.9800  0.965445
 4421.0100  0.964998
 4421.0400  0.964955
 4421.0700  0.964825
 4421.1000  0.964155
 4421.1300  0.962759
 4421.1600  0.960688
 4421.1900  0.958350
 4421.2200  0.956191
 4421.2500  0.954303
 4421.2800  0.952844
 4421.3100  0.951749
 4421.3400  0.950768
 4421.3700  0.949864
 4421.4000  0.949095
 4421.4300  0.948523
 4421.4600  0.948404
 4421.4900  0.948877
 4421.5200  0.949820
 4421.5500  0.951004
 4421.5800  0.952218
 4421.6100  0.953161
 4421.6400  0.953857
 4421.6700  0.954530
 4421.7000  0.955303
 4421.7300  0.956256
 4421.7600  0.957496
 4421.7900  0.958959
 4421.8200  0.960559
 4421.8500  0.962308
 4421.8800  0.964181
 4421.9100  0.965904
 4421.9400  0.966927
 4421.9700  0.966723
 4422.0000  0.965244
 4422.0300  0.962900
 4422.0600  0.960336
 4422.0900  0.957594
 4422.1200  0.954635
 4422.1500  0.951897
 4422.1800  0.949642
 4422.2100  0.948027
 4422.2400  0.946161
 4422.2700  0.943456
 4422.3000  0.940087
 4422.3300  0.936815
 4422.3600  0.934565
 4422.3900  0.933546
 4422.4200  0.933483
 4422.4500  0.933930
 4422.4800  0.934375
 4422.5100  0.934501
 4422.5400  0.934360
 4422.5700  0.934253
 4422.6000  0.934483
 4422.6300  0.934499
 4422.6600  0.933688
 4422.6900  0.931943
 4422.7200  0.930064
 4422.7500  0.929458
 4422.7800  0.930706
 4422.8100  0.933378
 4422.8400  0.936489
 4422.8700  0.939365
 4422.9000  0.942057
 4422.9300  0.944793
 4422.9600  0.947185
 4422.9900  0.948613
 4423.0200  0.948944
 4423.0500  0.948942
 4423.0800  0.949619
 4423.1100  0.951418
 4423.1400  0.954026
 4423.1700  0.956947
 4423.2000  0.960354
 4423.2300  0.964351
 4423.2600  0.968754
 4423.2900  0.972872
 4423.3200  0.975790
 4423.3500  0.977224
 4423.3800  0.977689
 4423.4100  0.977621
 4423.4400  0.976955
 4423.4700  0.975502
 4423.5000  0.973238
 4423.5300  0.970459
 4423.5600  0.967810
 4423.5900  0.965300
 4423.6200  0.962529
 4423.6500  0.959262
 4423.6800  0.955645
 4423.7100  0.952204
 4423.7400  0.949604
 4423.7700  0.948067
 4423.8000  0.947359
 4423.8300  0.946944
 4423.8600  0.946521
 4423.8900  0.946067
 4423.9200  0.945551
 4423.9500  0.944910
 4423.9800  0.943766
 4424.0100  0.941966
 4424.0400  0.940010
 4424.0700  0.938799
 4424.1000  0.939241
 4424.1300  0.941702
 4424.1600  0.945323
 4424.1900  0.949302
 4424.2200  0.953095
 4424.2500  0.956858
 4424.2800  0.960901
 4424.3100  0.964918
 4424.3400  0.968137
 4424.3700  0.969744
 4424.4000  0.970278
 4424.4300  0.970833
 4424.4600  0.972529
 4424.4900  0.975882
 4424.5200  0.980419
 4424.5500  0.985511
 4424.5800  0.990189
 4424.6100  0.994023
 4424.6400  0.996715
 4424.6700  0.998122
 4424.7000  0.998323
 4424.7300  0.997210
 4424.7600  0.994986
 4424.7900  0.992028
 4424.8200  0.988858
 4424.8500  0.985837
 4424.8800  0.983076
 4424.9100  0.980494
 4424.9400  0.977658
 4424.9700  0.974146
 4425.0000  0.969853
 4425.0300  0.965262
 4425.0600  0.961243
 4425.0900  0.958402
 4425.1200  0.956544
 4425.1500  0.954860
 4425.1800  0.952680
 4425.2100  0.949844
 4425.2400  0.946803
 4425.2700  0.944196
 4425.3000  0.942149
 4425.3300  0.940149
 4425.3600  0.937838
 4425.3900  0.935336
 4425.4200  0.933120
 4425.4500  0.931671
 4425.4800  0.931127
 4425.5100  0.931091
 4425.5400  0.930824
 4425.5700  0.930301
 4425.6000  0.929500
 4425.6300  0.929017
 4425.6600  0.929763
 4425.6900  0.931983
 4425.7200  0.935530
 4425.7500  0.939677
 4425.7800  0.943926
 4425.8100  0.948436
 4425.8400  0.953351
 4425.8700  0.958347
 4425.9000  0.962843
 4425.9300  0.966042
 4425.9600  0.968195
 4425.9900  0.969975
 4426.0200  0.972160
 4426.0500  0.975093
 4426.0800  0.978296
 4426.1100  0.981116
 4426.1400  0.983336
 4426.1700  0.985411
 4426.2000  0.987848
 4426.2300  0.990817
 4426.2600  0.993786
 4426.2900  0.995524
 4426.3200  0.995470
 4426.3500  0.993980
 4426.3800  0.991754
 4426.4100  0.989288
 4426.4400  0.986685
 4426.4700  0.983821
 4426.5000  0.980808
 4426.5300  0.978430
 4426.5600  0.976586
 4426.5900  0.974721
 4426.6200  0.971983
 4426.6500  0.967869
 4426.6800  0.963131
 4426.7100  0.958577
 4426.7400  0.954345
 4426.7700  0.949724
 4426.8000  0.943967
 4426.8300  0.937370
 4426.8600  0.931458
 4426.8900  0.927828
 4426.9200  0.926579
 4426.9500  0.926333
 4426.9800  0.925741
 4427.0100  0.924567
 4427.0400  0.923725
 4427.0700  0.924384
 4427.1000  0.926721
 4427.1300  0.929762
 4427.1600  0.932822
 4427.1900  0.935609
 4427.2200  0.938033
 4427.2500  0.940110
 4427.2800  0.941636
 4427.3100  0.942423
 4427.3400  0.942850
 4427.3700  0.943726
 4427.4000  0.945526
 4427.4300  0.948052
 4427.4600  0.950655
 4427.4900  0.952324
 4427.5200  0.952975
 4427.5500  0.952978
 4427.5800  0.952975
 4427.6100  0.953448
 4427.6400  0.954387
 4427.6700  0.955721
 4427.7000  0.957583
 4427.7300  0.960070
 4427.7600  0.963138
 4427.7900  0.966506
 4427.8200  0.969776
 4427.8500  0.972731
 4427.8800  0.975344
 4427.9100  0.977243
 4427.9400  0.978006
 4427.9700  0.977531
 4428.0000  0.976197
 4428.0300  0.974621
 4428.0600  0.973091
 4428.0900  0.971361
 4428.1200  0.968798
 4428.1500  0.965215
 4428.1800  0.961025
 4428.2100  0.957085
 4428.2400  0.954486
 4428.2700  0.953774
 4428.3000  0.954367
 4428.3300  0.955622
 4428.3600  0.957101
 4428.3900  0.958793
 4428.4200  0.960940
 4428.4500  0.963222
 4428.4800  0.965242
 4428.5100  0.966808
 4428.5400  0.968136
 4428.5700  0.969454
 4428.6000  0.970671
 4428.6300  0.971697
 4428.6600  0.972855
 4428.6900  0.973900
 4428.7200  0.974408
 4428.7500  0.973708
 4428.7800  0.971657
 4428.8100  0.969037
 4428.8400  0.966566
 4428.8700  0.964879
 4428.9000  0.963472
 4428.9300  0.962008
 4428.9600  0.960564
 4428.9900  0.959196
 4429.0200  0.958056
 4429.0500  0.957473
 4429.0800  0.957384
 4429.1100  0.957816
 4429.1400  0.958537
 4429.1700  0.959110
 4429.2000  0.959534
 4429.2300  0.960446
 4429.2600  0.962515
 4429.2900  0.965723
 4429.3200  0.969264
 4429.3500  0.971844
 4429.3800  0.972190
 4429.4100  0.969843
 4429.4400  0.965809
 4429.4700  0.961043
 4429.5000  0.956324
 4429.5300  0.951849
 4429.5600  0.947474
 4429.5900  0.943334
 4429.6200  0.939703
 4429.6500  0.936234
 4429.6800  0.932483
 4429.7100  0.928448
 4429.7400  0.925021
 4429.7700  0.923151
 4429.8000  0.922671
 4429.8300  0.922941
 4429.8600  0.922783
 4429.8900  0.922010
 4429.9200  0.920971
 4429.9500  0.920110
 4429.9800  0.919811
 4430.0100  0.919986
 4430.0400  0.920667
 4430.0700  0.921344
 4430.1000  0.921989
 4430.1300  0.922872
 4430.1600  0.924146
 4430.1900  0.925757
 4430.2200  0.926691
 4430.2500  0.926115
 4430.2800  0.924312
 4430.3100  0.922472
 4430.3400  0.921655
 4430.3700  0.922135
 4430.4000  0.923769
 4430.4300  0.926455
 4430.4600  0.930546
 4430.4900  0.935787
 4430.5200  0.940932
 4430.5500  0.944691
 4430.5800  0.946940
 4430.6100  0.948720
 4430.6400  0.951123
 4430.6700  0.954405
 4430.7000  0.957823
 4430.7300  0.960549
 4430.7600  0.962346
 4430.7900  0.963127
 4430.8200  0.962897
 4430.8500  0.961981
 4430.8800  0.960878
 4430.9100  0.960156
 4430.9400  0.960055
 4430.9700  0.960093
 4431.0000  0.959599
 4431.0300  0.958155
 4431.0600  0.956108
 4431.0900  0.954271
 4431.1200  0.953410
 4431.1500  0.953907
 4431.1800  0.955560
 4431.2100  0.957791
 4431.2400  0.960360
 4431.2700  0.963080
 4431.3000  0.965786
 4431.3300  0.968263
 4431.3600  0.970090
 4431.3900  0.971197
 4431.4200  0.971586
 4431.4500  0.971465
 4431.4800  0.971219
 4431.5100  0.971323
 4431.5400  0.971986
 4431.5700  0.972724
 4431.6000  0.973058
 4431.6300  0.972546
 4431.6600  0.971395
 4431.6900  0.969871
 4431.7200  0.967869
 4431.7500  0.965500
 4431.7800  0.963147
 4431.8100  0.961588
 4431.8400  0.960961
 4431.8700  0.960752
 4431.9000  0.960234
 4431.9300  0.959176
 4431.9600  0.958419
 4431.9900  0.958354
 4432.0200  0.959020
 4432.0500  0.959886
 4432.0800  0.960651
 4432.1100  0.961633
 4432.1400  0.963051
 4432.1700  0.965030
 4432.2000  0.966919
 4432.2300  0.968190
 4432.2600  0.968580
 4432.2900  0.968053
 4432.3200  0.966849
 4432.3500  0.965225
 4432.3800  0.963615
 4432.4100  0.962557
 4432.4400  0.962532
 4432.4700  0.963671
 4432.5000  0.965612
 4432.5300  0.967825
 4432.5600  0.970100
 4432.5900  0.972189
 4432.6200  0.974128
 4432.6500  0.975554
 4432.6800  0.975894
 4432.7100  0.975202
 4432.7400  0.973748
 4432.7700  0.971914
 4432.8000  0.969669
 4432.8300  0.966891
 4432.8600  0.963644
 4432.8900  0.960270
 4432.9200  0.957255
 4432.9500  0.954584
 4432.9800  0.951988
 4433.0100  0.949537
 4433.0400  0.947568
 4433.0700  0.946439
 4433.1000  0.946232
 4433.1300  0.946357
 4433.1600  0.946236
 4433.1900  0.945644
 4433.2200  0.944841
 4433.2500  0.944223
 4433.2800  0.943906
 4433.3100  0.943705
 4433.3400  0.943316
 4433.3700  0.942722
 4433.4000  0.942154
 4433.4300  0.941922
 4433.4600  0.942139
 4433.4900  0.942528
 4433.5200  0.942600
 4433.5500  0.941970
 4433.5800  0.940317
 4433.6100  0.937699
 4433.6400  0.934650
 4433.6700  0.931843
 4433.7000  0.929811
 4433.7300  0.929074
 4433.7600  0.929711
 4433.7900  0.931541
 4433.8200  0.934251
 4433.8500  0.937301
 4433.8800  0.939970
 4433.9100  0.941811
 4433.9400  0.942878
 4433.9700  0.943584
 4434.0000  0.944570
 4434.0300  0.946134
 4434.0600  0.947735
 4434.0900  0.948470
 4434.1200  0.948031
 4434.1500  0.946532
 4434.1800  0.944847
 4434.2100  0.943741
 4434.2400  0.943430
 4434.2700  0.944007
 4434.3000  0.944841
 4434.3300  0.945419
 4434.3600  0.945299
 4434.3900  0.944407
 4434.4200  0.942994
 4434.4500  0.941333
 4434.4800  0.939676
 4434.5100  0.937934
 4434.5400  0.936294
 4434.5700  0.934837
 4434.6000  0.933467
 4434.6300  0.931983
 4434.6600  0.930031
 4434.6900  0.927550
 4434.7200  0.924773
 4434.7500  0.922159
 4434.7800  0.920256
 4434.8100  0.919395
 4434.8400  0.919506
 4434.8700  0.920323
 4434.9000  0.921423
 4434.9300  0.922332
 4434.9600  0.922990
 4434.9900  0.923685
 4435.0200  0.924713
 4435.0500  0.926207
 4435.0800  0.927815
 4435.1100  0.928905
 4435.1400  0.929132
 4435.1700  0.928930
 4435.2000  0.928852
 4435.2300  0.928785
 4435.2600  0.928432
 4435.2900  0.927026
 4435.3200  0.925146
 4435.3500  0.924051
 4435.3800  0.924891
 4435.4100  0.927875
 4435.4400  0.931645
 4435.4700  0.935335
 4435.5000  0.938227
 4435.5300  0.940745
 4435.5600  0.943082
 4435.5900  0.944698
 4435.6200  0.945450
 4435.6500  0.945305
 4435.6800  0.944987
 4435.7100  0.944790
 4435.7400  0.944900
 4435.7700  0.945354
 4435.8000  0.946004
 4435.8300  0.946959
 4435.8600  0.947218
 4435.8900  0.946004
 4435.9200  0.943146
 4435.9500  0.939506
 4435.9800  0.936604
 4436.0100  0.935304
 4436.0400  0.935327
 4436.0700  0.935616
 4436.1000  0.935685
 4436.1300  0.935967
 4436.1600  0.937227
 4436.1900  0.939827
 4436.2200  0.943307
 4436.2500  0.946294
 4436.2800  0.948228
 4436.3100  0.949131
 4436.3400  0.949480
 4436.3700  0.949771
 4436.4000  0.949742
 4436.4300  0.949111
 4436.4600  0.947962
 4436.4900  0.946974
 4436.5200  0.946862
 4436.5500  0.947889
 4436.5800  0.949899
 4436.6100  0.952484
 4436.6400  0.955322
 4436.6700  0.958195
 4436.7000  0.960904
 4436.7300  0.963393
 4436.7600  0.965807
 4436.7900  0.968297
 4436.8200  0.970888
 4436.8500  0.973307
 4436.8800  0.975231
 4436.9100  0.976528
 4436.9400  0.977216
 4436.9700  0.977387
 4437.0000  0.977372
 4437.0300  0.977336
 4437.0600  0.977467
 4437.0900  0.977652
 4437.1200  0.977695
 4437.1500  0.977611
 4437.1800  0.977471
 4437.2100  0.977744
 4437.2400  0.978218
 4437.2700  0.977958
 4437.3000  0.975685
 4437.3300  0.970608
 4437.3600  0.963423
 4437.3900  0.956274
 4437.4200  0.951107
 4437.4500  0.948539
 4437.4800  0.947921
 4437.5100  0.948239
 4437.5400  0.948879
 4437.5700  0.949632
 4437.6000  0.950430
 4437.6300  0.950721
 4437.6600  0.950320
 4437.6900  0.949232
 4437.7200  0.947619
 4437.7500  0.946297
 4437.7800  0.945814
 4437.8100  0.946669
 4437.8400  0.948506
 4437.8700  0.950508
 4437.9000  0.952003
 4437.9300  0.952840
 4437.9600  0.953585
 4437.9900  0.954177
 4438.0200  0.954398
 4438.0500  0.954170
 4438.0800  0.954021
 4438.1100  0.955027
 4438.1400  0.957750
 4438.1700  0.961354
 4438.2000  0.964589
 4438.2300  0.966599
 4438.2600  0.967896
 4438.2900  0.969726
 4438.3200  0.972709
 4438.3500  0.976951
 4438.3800  0.981231
 4438.4100  0.984431
 4438.4400  0.985575
 4438.4700  0.984655
 4438.5000  0.982869
 4438.5300  0.981259
 4438.5600  0.980808
 4438.5900  0.981174
 4438.6200  0.981865
 4438.6500  0.982589
 4438.6800  0.983268
 4438.7100  0.984054
 4438.7400  0.984434
 4438.7700  0.984004
 4438.8000  0.982493
 4438.8300  0.980452
 4438.8600  0.978866
 4438.8900  0.978205
 4438.9200  0.978348
 4438.9500  0.978398
 4438.9800  0.977969
 4439.0100  0.977190
 4439.0400  0.976656
 4439.0700  0.976767
 4439.1000  0.976964
 4439.1300  0.976723
 4439.1600  0.975637
 4439.1900  0.974416
 4439.2200  0.973975
 4439.2500  0.974714
 4439.2800  0.976467
 4439.3100  0.978155
 4439.3400  0.978735
 4439.3700  0.977609
 4439.4000  0.975041
 4439.4300  0.971998
 4439.4600  0.969424
 4439.4900  0.967593
 4439.5200  0.966165
 4439.5500  0.964826
 4439.5800  0.963541
 4439.6100  0.962466
 4439.6400  0.961821
 4439.6700  0.961822
 4439.7000  0.962637
 4439.7300  0.964591
 4439.7600  0.967566
 4439.7900  0.970792
 4439.8200  0.973536
 4439.8500  0.975498
 4439.8800  0.976358
 4439.9100  0.976054
 4439.9400  0.974475
 4439.9700  0.971673
 4440.0000  0.968154
 4440.0300  0.964849
 4440.0600  0.962632
 4440.0900  0.961695
 4440.1200  0.961924
 4440.1500  0.962521
 4440.1800  0.962601
 4440.2100  0.961795
 4440.2400  0.960338
 4440.2700  0.958902
 4440.3000  0.957899
 4440.3300  0.957247
 4440.3600  0.956552
 4440.3900  0.955612
 4440.4200  0.954556
 4440.4500  0.953511
 4440.4800  0.952549
 4440.5100  0.951681
 4440.5400  0.951125
 4440.5700  0.951365
 4440.6000  0.952613
 4440.6300  0.954365
 4440.6600  0.955795
 4440.6900  0.955884
 4440.7200  0.954297
 4440.7500  0.951435
 4440.7800  0.948349
 4440.8100  0.946399
 4440.8400  0.946439
 4440.8700  0.948512
 4440.9000  0.951831
 4440.9300  0.955133
 4440.9600  0.957623
 4440.9900  0.959007
 4441.0200  0.958891
 4441.0500  0.957316
 4441.0800  0.954503
 4441.1100  0.951361
 4441.1400  0.948996
 4441.1700  0.947786
 4441.2000  0.947146
 4441.2300  0.946460
 4441.2600  0.946059
 4441.2900  0.946393
 4441.3200  0.947314
 4441.3500  0.948065
 4441.3800  0.947846
 4441.4100  0.946720
 4441.4400  0.945945
 4441.4700  0.945208
 4441.5000  0.943970
 4441.5300  0.941984
 4441.5600  0.939939
 4441.5900  0.939646
 4441.6200  0.941826
 4441.6500  0.945527
 4441.6800  0.948674
 4441.7100  0.950083
 4441.7400  0.950044
 4441.7700  0.949840
 4441.8000  0.951007
 4441.8300  0.953058
 4441.8600  0.954547
 4441.8900  0.953653
 4441.9200  0.949889
 4441.9500  0.944807
 4441.9800  0.940581
 4442.0100  0.938478
 4442.0400  0.938039
 4442.0700  0.937842
 4442.1000  0.937270
 4442.1300  0.936860
 4442.1600  0.937430
 4442.1900  0.939364
 4442.2200  0.941754
 4442.2500  0.943859
 4442.2800  0.945412
 4442.3100  0.946715
 4442.3400  0.948134
 4442.3700  0.949377
 4442.4000  0.950337
 4442.4300  0.950390
 4442.4600  0.949600
 4442.4900  0.948294
 4442.5200  0.946629
 4442.5500  0.944936
 4442.5800  0.943392
 4442.6100  0.941750
 4442.6400  0.940010
 4442.6700  0.938218
 4442.7000  0.936447
 4442.7300  0.935063
 4442.7600  0.934508
 4442.7900  0.934703
 4442.8200  0.935135
 4442.8500  0.935303
 4442.8800  0.935165
 4442.9100  0.935305
 4442.9400  0.936537
 4442.9700  0.939149
 4443.0000  0.942684
 4443.0300  0.946660
 4443.0600  0.950692
 4443.0900  0.954508
 4443.1200  0.957963
 4443.1500  0.960862
 4443.1800  0.963094
 4443.2100  0.964442
 4443.2400  0.964673
 4443.2700  0.963928
 4443.3000  0.962696
 4443.3300  0.961295
 4443.3600  0.959737
 4443.3900  0.957303
 4443.4200  0.953869
 4443.4500  0.950207
 4443.4800  0.947510
 4443.5100  0.946548
 4443.5400  0.946584
 4443.5700  0.946509
 4443.6000  0.945798
 4443.6300  0.944521
 4443.6600  0.943288
 4443.6900  0.942573
 4443.7200  0.941805
 4443.7500  0.941139
 4443.7800  0.940545
 4443.8100  0.940328
 4443.8400  0.940746
 4443.8700  0.941762
 4443.9000  0.943407
 4443.9300  0.945043
 4443.9600  0.946371
 4443.9900  0.946533
 4444.0200  0.945210
 4444.0500  0.943024
 4444.0800  0.940668
 4444.1100  0.938823
 4444.1400  0.937662
 4444.1700  0.937061
 4444.2000  0.936927
 4444.2300  0.937495
 4444.2600  0.938918
 4444.2900  0.940640
 4444.3200  0.942352
 4444.3500  0.944007
 4444.3800  0.945969
 4444.4100  0.948868
 4444.4400  0.952962
 4444.4700  0.957730
 4444.5000  0.962461
 4444.5300  0.966886
 4444.5600  0.970813
 4444.5900  0.974284
 4444.6200  0.977403
 4444.6500  0.979939
 4444.6800  0.981614
 4444.7100  0.982660
 4444.7400  0.983558
 4444.7700  0.985262
 4444.8000  0.988431
 4444.8300  0.992328
 4444.8600  0.995046
 4444.8900  0.995247
 4444.9200  0.992869
 4444.9500  0.989189
 4444.9800  0.985706
 4445.0100  0.982741
 4445.0400  0.979467
 4445.0700  0.975658
 4445.1000  0.971693
 4445.1300  0.968289
 4445.1600  0.965998
 4445.1900  0.964704
 4445.2200  0.963881
 4445.2500  0.963540
 4445.2800  0.964044
 4445.3100  0.965396
 4445.3400  0.967214
 4445.3700  0.968833
 4445.4000  0.969704
 4445.4300  0.969917
 4445.4600  0.970037
 4445.4900  0.970395
 4445.5200  0.971247
 4445.5500  0.972756
 4445.5800  0.974943
 4445.6100  0.977599
 4445.6400  0.980064
 4445.6700  0.981484
 4445.7000  0.981914
 4445.7300  0.981904
 4445.7600  0.982132
 4445.7900  0.982974
 4445.8200  0.983909
 4445.8500  0.984348
 4445.8800  0.984005
 4445.9100  0.982890
 4445.9400  0.981444
 4445.9700  0.980381
 4446.0000  0.980239
 4446.0300  0.981140
 4446.0600  0.982326
 4446.0900  0.982734
 4446.1200  0.981670
 4446.1500  0.979170
 4446.1800  0.975891
 4446.2100  0.972579
 4446.2400  0.969784
 4446.2700  0.967847
 4446.3000  0.967053
 4446.3300  0.967517
 4446.3600  0.968994
 4446.3900  0.970960
 4446.4200  0.972847
 4446.4500  0.973696
 4446.4800  0.973078
 4446.5100  0.970764
 4446.5400  0.966827
 4446.5700  0.962228
 4446.6000  0.957870
 4446.6300  0.954448
 4446.6600  0.952476
 4446.6900  0.951979
 4446.7200  0.952367
 4446.7500  0.952754
 4446.7800  0.952441
 4446.8100  0.950988
 4446.8400  0.949141
 4446.8700  0.948009
 4446.9000  0.948043
 4446.9300  0.948924
 4446.9600  0.950188
 4446.9900  0.951769
 4447.0200  0.954340
 4447.0500  0.958295
 4447.0800  0.962665
 4447.1100  0.965531
 4447.1400  0.965676
 4447.1700  0.963674
 4447.2000  0.961228
 4447.2300  0.959618
 4447.2600  0.958351
 4447.2900  0.955917
 4447.3200  0.951568
 4447.3500  0.945986
 4447.3800  0.940972
 4447.4100  0.937466
 4447.4400  0.935665
 4447.4700  0.935223
 4447.5000  0.935613
 4447.5300  0.936671
 4447.5600  0.938092
 4447.5900  0.939777
 4447.6200  0.941438
 4447.6500  0.943010
 4447.6800  0.944616
 4447.7100  0.946452
 4447.7400  0.949489
 4447.7700  0.953991
 4447.8000  0.959572
 4447.8300  0.964898
 4447.8600  0.968894
 4447.8900  0.971749
 4447.9200  0.974042
 4447.9500  0.976730
 4447.9800  0.979781
 4448.0100  0.982528
 4448.0400  0.984637
 4448.0700  0.986438
 4448.1000  0.988473
 4448.1300  0.990902
 4448.1600  0.992971
 4448.1900  0.993766
 4448.2200  0.993244
 4448.2500  0.992393
 4448.2800  0.992384
 4448.3100  0.993485
 4448.3400  0.994781
 4448.3700  0.995140
 4448.4000  0.994258
 4448.4300  0.992763
 4448.4600  0.991461
 4448.4900  0.990749
 4448.5200  0.991036
 4448.5500  0.992013
 4448.5800  0.993253
 4448.6100  0.993816
 4448.6400  0.992336
 4448.6700  0.988284
 4448.7000  0.982295
 4448.7300  0.975639
 4448.7600  0.969592
 4448.7900  0.964938
 4448.8200  0.961881
 4448.8500  0.960261
 4448.8800  0.959693
 4448.9100  0.959576
 4448.9400  0.959185
 4448.9700  0.958356
 4449.0000  0.957075
 4449.0300  0.955283
 4449.0600  0.953433
 4449.0900  0.951309
 4449.1200  0.949045
 4449.1500  0.946666
 4449.1800  0.944547
 4449.2100  0.943351
 4449.2400  0.943260
 4449.2700  0.944556
 4449.3000  0.946464
 4449.3300  0.948267
 4449.3600  0.949504
 4449.3900  0.950149
 4449.4200  0.950808
 4449.4500  0.951986
 4449.4800  0.953445
 4449.5100  0.954228
 4449.5400  0.953413
 4449.5700  0.951114
 4449.6000  0.948610
 4449.6300  0.947396
 4449.6600  0.948480
 4449.6900  0.951134
 4449.7200  0.954238
 4449.7500  0.956768
 4449.7800  0.958178
 4449.8100  0.958872
 4449.8400  0.959120
 4449.8700  0.959195
 4449.9000  0.959059
 4449.9300  0.958434
 4449.9600  0.957082
 4449.9900  0.954884
 4450.0200  0.951761
 4450.0500  0.947882
 4450.0800  0.943556
 4450.1100  0.939410
 4450.1400  0.936026
 4450.1700  0.933660
 4450.2000  0.932487
 4450.2300  0.932343
 4450.2600  0.933095
 4450.2900  0.934431
 4450.3200  0.936098
 4450.3500  0.938002
 4450.3800  0.939916
 4450.4100  0.941467
 4450.4400  0.941990
 4450.4700  0.940951
 4450.5000  0.938830
 4450.5300  0.937154
 4450.5600  0.937474
 4450.5900  0.940321
 4450.6200  0.945106
 4450.6500  0.950728
 4450.6800  0.956292
 4450.7100  0.961507
 4450.7400  0.966315
 4450.7700  0.970269
 4450.8000  0.973172
 4450.8300  0.975256
 4450.8600  0.976996
 4450.8900  0.979005
 4450.9200  0.981574
 4450.9500  0.984280
 4450.9800  0.986605
 4451.0100  0.987909
 4451.0400  0.988106
 4451.0700  0.987427
 4451.1000  0.986090
 4451.1300  0.984145
 4451.1600  0.981245
 4451.1900  0.977351
 4451.2200  0.972791
 4451.2500  0.968271
 4451.2800  0.964331
 4451.3100  0.961081
 4451.3400  0.958685
 4451.3700  0.957278
 4451.4000  0.956686
 4451.4300  0.956499
 4451.4600  0.956058
 4451.4900  0.954876
 4451.5200  0.953219
 4451.5500  0.951833
 4451.5800  0.951439
 4451.6100  0.952092
 4451.6400  0.953303
 4451.6700  0.954665
 4451.7000  0.956278
 4451.7300  0.958566
 4451.7600  0.961823
 4451.7900  0.965530
 4451.8200  0.968537
 4451.8500  0.969792
 4451.8800  0.969117
 4451.9100  0.967461
 4451.9400  0.966149
 4451.9700  0.966352
 4452.0000  0.968143
 4452.0300  0.970859
 4452.0600  0.973871
 4452.0900  0.976640
 4452.1200  0.978586
 4452.1500  0.979081
 4452.1800  0.977907
 4452.2100  0.975607
 4452.2400  0.973183
 4452.2700  0.971315
 4452.3000  0.969834
 4452.3300  0.967998
 4452.3600  0.965662
 4452.3900  0.963203
 4452.4200  0.961071
 4452.4500  0.959552
 4452.4800  0.958670
 4452.5100  0.958321
 4452.5400  0.958394
 4452.5700  0.958544
 4452.6000  0.958405
 4452.6300  0.957886
 4452.6600  0.957138
 4452.6900  0.956362
 4452.7200  0.955417
 4452.7500  0.954009
 4452.7800  0.951933
 4452.8100  0.949399
 4452.8400  0.947126
 4452.8700  0.945823
 4452.9000  0.945807
 4452.9300  0.946761
 4452.9600  0.947886
 4452.9900  0.948623
 4453.0200  0.949216
 4453.0500  0.950463
 4453.0800  0.952972
 4453.1100  0.956391
 4453.1400  0.959623
 4453.1700  0.961342
 4453.2000  0.960942
 4453.2300  0.959192
 4453.2600  0.957107
 4453.2900  0.955595
 4453.3200  0.954633
 4453.3500  0.953939
 4453.3800  0.953693
 4453.4100  0.954301
 4453.4400  0.955921
 4453.4700  0.957895
 4453.5000  0.959468
 4453.5300  0.960581
 4453.5600  0.961715
 4453.5900  0.963171
 4453.6200  0.964797
 4453.6500  0.966254
 4453.6800  0.967425
 4453.7100  0.968600
 4453.7400  0.970040
 4453.7700  0.971624
 4453.8000  0.973107
 4453.8300  0.974368
 4453.8600  0.975166
 4453.8900  0.975646
 4453.9200  0.976010
 4453.9500  0.975994
 4453.9800  0.974920
 4454.0100  0.972065
 4454.0400  0.967223
 4454.0700  0.961348
 4454.1000  0.956004
 4454.1300  0.952115
 4454.1600  0.949411
 4454.1900  0.947161
 4454.2200  0.944515
 4454.2500  0.941366
 4454.2800  0.938065
 4454.3100  0.934984
 4454.3400  0.932181
 4454.3700  0.929191
 4454.4000  0.925632
 4454.4300  0.921809
 4454.4600  0.918511
 4454.4900  0.916549
 4454.5200  0.916114
 4454.5500  0.916512
 4454.5800  0.916988
 4454.6100  0.917184
 4454.6400  0.917294
 4454.6700  0.917780
 4454.7000  0.918820
 4454.7300  0.919997
 4454.7600  0.920749
 4454.7900  0.921251
 4454.8200  0.922079
 4454.8500  0.923934
 4454.8800  0.926707
 4454.9100  0.929254
 4454.9400  0.930875
 4454.9700  0.932217
 4455.0000  0.934424
 4455.0300  0.937914
 4455.0600  0.941617
 4455.0900  0.943936
 4455.1200  0.944677
 4455.1500  0.945171
 4455.1800  0.947209
 4455.2100  0.950888
 4455.2400  0.954823
 4455.2700  0.957488
 4455.3000  0.958287
 4455.3300  0.958072
 4455.3600  0.957745
 4455.3900  0.957946
 4455.4200  0.958316
 4455.4500  0.958022
 4455.4800  0.956632
 4455.5100  0.954024
 4455.5400  0.951315
 4455.5700  0.949599
 4455.6000  0.949282
 4455.6300  0.949768
 4455.6600  0.949999
 4455.6900  0.949534
 4455.7200  0.948334
 4455.7500  0.947099
 4455.7800  0.946300
 4455.8100  0.946344
 4455.8400  0.947561
 4455.8700  0.949575
 4455.9000  0.951709
 4455.9300  0.953089
 4455.9600  0.953293
 4455.9900  0.952802
 4456.0200  0.952458
 4456.0500  0.952680
 4456.0800  0.953379
 4456.1100  0.953617
 4456.1400  0.952808
 4456.1700  0.951047
 4456.2000  0.949028
 4456.2300  0.947626
 4456.2600  0.947201
 4456.2900  0.947723
 4456.3200  0.948785
 4456.3500  0.950157
 4456.3800  0.951858
 4456.4100  0.953894
 4456.4400  0.956093
 4456.4700  0.958079
 4456.5000  0.959403
 4456.5300  0.959662
 4456.5600  0.958946
 4456.5900  0.957765
 4456.6200  0.956764
 4456.6500  0.956904
 4456.6800  0.958366
 4456.7100  0.961096
 4456.7400  0.964375
 4456.7700  0.967413
 4456.8000  0.969916
 4456.8300  0.971236
 4456.8600  0.971232
 4456.8900  0.969967
 4456.9200  0.967817
 4456.9500  0.965361
 4456.9800  0.962956
 4457.0100  0.960467
 4457.0400  0.957521
 4457.0700  0.954465
 4457.1000  0.951657
 4457.1300  0.949112
 4457.1600  0.946623
 4457.1900  0.943909
 4457.2200  0.940997
 4457.2500  0.938842
 4457.2800  0.938247
 4457.3100  0.939323
 4457.3400  0.941426
 4457.3700  0.943561
 4457.4000  0.945326
 4457.4300  0.946906
 4457.4600  0.948897
 4457.4900  0.951372
 4457.5200  0.953829
 4457.5500  0.955891
 4457.5800  0.957651
 4457.6100  0.959537
 4457.6400  0.961434
 4457.6700  0.962615
 4457.7000  0.962479
 4457.7300  0.961238
 4457.7600  0.959783
 4457.7900  0.958760
 4457.8200  0.957928
 4457.8500  0.956733
 4457.8800  0.954871
 4457.9100  0.952625
 4457.9400  0.950698
 4457.9700  0.949390
 4458.0000  0.948857
 4458.0300  0.949055
 4458.0600  0.949666
 4458.0900  0.950332
 4458.1200  0.950741
 4458.1500  0.950540
 4458.1800  0.950265
 4458.2100  0.950297
 4458.2400  0.950904
 4458.2700  0.951930
 4458.3000  0.952904
 4458.3300  0.953969
 4458.3600  0.955394
 4458.3900  0.957921
 4458.4200  0.961064
 4458.4500  0.963603
 4458.4800  0.964551
 4458.5100  0.963350
 4458.5400  0.960884
 4458.5700  0.958161
 4458.6000  0.955738
 4458.6300  0.953929
 4458.6600  0.952895
 4458.6900  0.952547
 4458.7200  0.952485
 4458.7500  0.951397
 4458.7800  0.948220
 4458.8100  0.943159
 4458.8400  0.937422
 4458.8700  0.932398
 4458.9000  0.928882
 4458.9300  0.925906
 4458.9600  0.923008
 4458.9900  0.920787
 4459.0200  0.920732
 4459.0500  0.923934
 4459.0800  0.929371
 4459.1100  0.934771
 4459.1400  0.937675
 4459.1700  0.937822
 4459.2000  0.936681
 4459.2300  0.935942
 4459.2600  0.936682
 4459.2900  0.938610
 4459.3200  0.941139
 4459.3500  0.943870
 4459.3800  0.946555
 4459.4100  0.949171
 4459.4400  0.951717
 4459.4700  0.953688
 4459.5000  0.955116
 4459.5300  0.955815
 4459.5600  0.955678
 4459.5900  0.955021
 4459.6200  0.954398
 4459.6500  0.954234
 4459.6800  0.954567
 4459.7100  0.954962
 4459.7400  0.954652
 4459.7700  0.953423
 4459.8000  0.951914
 4459.8300  0.950775
 4459.8600  0.950149
 4459.8900  0.949758
 4459.9200  0.949032
 4459.9500  0.947728
 4459.9800  0.946044
 4460.0100  0.944202
 4460.0400  0.942492
 4460.0700  0.941247
 4460.1000  0.940660
 4460.1300  0.941066
 4460.1600  0.942643
 4460.1900  0.945009
 4460.2200  0.947681
 4460.2500  0.950297
 4460.2800  0.952886
 4460.3100  0.956131
 4460.3400  0.960518
 4460.3700  0.965530
 4460.4000  0.970236
 4460.4300  0.973954
 4460.4600  0.975949
 4460.4900  0.975884
 4460.5200  0.973941
 4460.5500  0.970774
 4460.5800  0.967441
 4460.6100  0.964723
 4460.6400  0.962577
 4460.6700  0.960391
 4460.7000  0.957911
 4460.7300  0.955174
 4460.7600  0.951939
 4460.7900  0.948415
 4460.8200  0.944898
 4460.8500  0.941811
 4460.8800  0.939447
 4460.9100  0.937475
 4460.9400  0.935139
 4460.9700  0.932317
 4461.0000  0.929317
 4461.0300  0.926804
 4461.0600  0.925261
 4461.0900  0.924723
 4461.1200  0.924910
 4461.1500  0.925404
 4461.1800  0.925830
 4461.2100  0.926029
 4461.2400  0.926038
 4461.2700  0.925816
 4461.3000  0.925269
 4461.3300  0.924573
 4461.3600  0.923984
 4461.3900  0.923677
 4461.4200  0.923516
 4461.4500  0.923186
 4461.4800  0.922598
 4461.5100  0.922111
 4461.5400  0.922148
 4461.5700  0.922531
 4461.6000  0.922799
 4461.6300  0.922200
 4461.6600  0.920299
 4461.6900  0.917567
 4461.7200  0.914874
 4461.7500  0.913456
 4461.7800  0.913693
 4461.8100  0.915343
 4461.8400  0.917850
 4461.8700  0.920681
 4461.9000  0.923805
 4461.9300  0.926942
 4461.9600  0.929701
 4461.9900  0.931658
 4462.0200  0.932823
 4462.0500  0.933818
 4462.0800  0.935293
 4462.1100  0.937328
 4462.1400  0.939533
 4462.1700  0.941057
 4462.2000  0.941607
 4462.2300  0.941666
 4462.2600  0.941848
 4462.2900  0.942972
 4462.3200  0.945204
 4462.3500  0.948796
 4462.3800  0.953541
 4462.4100  0.958576
 4462.4400  0.962631
 4462.4700  0.964113
 4462.5000  0.963336
 4462.5300  0.961663
 4462.5600  0.960762
 4462.5900  0.961252
 4462.6200  0.962194
 4462.6500  0.962484
 4462.6800  0.961403
 4462.7100  0.959342
 4462.7400  0.956765
 4462.7700  0.954105
 4462.8000  0.951942
 4462.8300  0.950634
 4462.8600  0.950592
 4462.8900  0.951469
 4462.9200  0.952488
 4462.9500  0.952845
 4462.9800  0.952273
 4463.0100  0.951338
 4463.0400  0.950600
 4463.0700  0.950590
 4463.1000  0.951098
 4463.1300  0.951831
 4463.1600  0.952849
 4463.1900  0.954290
 4463.2200  0.956346
 4463.2500  0.958855
 4463.2800  0.961639
 4463.3100  0.964503
 4463.3400  0.967478
 4463.3700  0.970772
 4463.4000  0.974256
 4463.4300  0.978076
 4463.4600  0.981972
 4463.4900  0.985427
 4463.5200  0.988165
 4463.5500  0.990381
 4463.5800  0.992537
 4463.6100  0.994988
 4463.6400  0.997518
 4463.6700  0.999354
 4463.7000  0.999696
 4463.7300  0.998511
 4463.7600  0.996699
 4463.7900  0.995009
 4463.8200  0.994151
 4463.8500  0.993989
 4463.8800  0.993853
 4463.9100  0.992929
 4463.9400  0.990379
 4463.9700  0.985996
 4464.0000  0.980580
 4464.0300  0.975535
 4464.0600  0.972159
 4464.0900  0.970659
 4464.1200  0.969856
 4464.1500  0.968197
 4464.1800  0.964646
 4464.2100  0.959383
 4464.2400  0.953531
 4464.2700  0.948575
 4464.3000  0.945588
 4464.3300  0.944534
 4464.3600  0.944624
 4464.3900  0.944484
 4464.4200  0.943376
 4464.4500  0.941420
 4464.4800  0.939288
 4464.5100  0.937858
 4464.5400  0.937265
 4464.5700  0.937361
 4464.6000  0.938024
 4464.6300  0.939187
 4464.6600  0.940702
 4464.6900  0.942341
 4464.7200  0.944071
 4464.7500  0.946000
 4464.7800  0.948478
 4464.8100  0.951361
 4464.8400  0.953829
 4464.8700  0.955247
 4464.9000  0.955865
 4464.9300  0.956010
 4464.9600  0.956099
 4464.9900  0.955897
 4465.0200  0.955107
 4465.0500  0.954145
 4465.0800  0.953623
 4465.1100  0.954222
 4465.1400  0.955573
 4465.1700  0.956870
 4465.2000  0.957404
 4465.2300  0.957033
 4465.2600  0.956621
 4465.2900  0.957061
 4465.3200  0.958662
 4465.3500  0.960845
 4465.3800  0.962614
 4465.4100  0.963336
 4465.4400  0.963181
 4465.4700  0.962896
 4465.5000  0.963147
 4465.5300  0.964296
 4465.5600  0.966283
 4465.5900  0.968619
 4465.6200  0.970550
 4465.6500  0.971378
 4465.6800  0.971261
 4465.7100  0.971004
 4465.7400  0.971368
 4465.7700  0.972301
 4465.8000  0.972918
 4465.8300  0.972570
 4465.8600  0.971470
 4465.8900  0.970494
 4465.9200  0.970041
 4465.9500  0.969876
 4465.9800  0.969448
 4466.0100  0.968066
 4466.0400  0.965954
 4466.0700  0.963307
 4466.1000  0.960292
 4466.1300  0.956933
 4466.1600  0.953105
 4466.1900  0.949039
 4466.2200  0.945585
 4466.2500  0.943531
 4466.2800  0.942765
 4466.3100  0.942453
 4466.3400  0.941727
 4466.3700  0.940263
 4466.4000  0.938525
 4466.4300  0.937048
 4466.4600  0.935764
 4466.4900  0.934158
 4466.5200  0.932272
 4466.5500  0.931194
 4466.5800  0.931986
 4466.6100  0.935058
 4466.6400  0.939425
 4466.6700  0.943578
 4466.7000  0.946658
 4466.7300  0.948833
 4466.7600  0.950757
 4466.7900  0.952695
 4466.8200  0.954859
 4466.8500  0.957048
 4466.8800  0.958883
 4466.9100  0.960114
 4466.9400  0.960513
 4466.9700  0.960317
 4467.0000  0.960001
 4467.0300  0.960024
 4467.0600  0.960536
 4467.0900  0.961696
 4467.1200  0.963927
 4467.1500  0.966775
 4467.1800  0.969622
 4467.2100  0.971289
 4467.2400  0.971028
 4467.2700  0.969319
 4467.3000  0.967265
 4467.3300  0.965599
 4467.3600  0.964439
 4467.3900  0.963198
 4467.4200  0.961869
 4467.4500  0.961302
 4467.4800  0.962195
 4467.5100  0.964477
 4467.5400  0.967096
 4467.5700  0.968847
 4467.6000  0.969197
 4467.6300  0.968310
 4467.6600  0.966413
 4467.6900  0.963501
 4467.7200  0.960221
 4467.7500  0.957603
 4467.7800  0.956530
 4467.8100  0.957099
 4467.8400  0.958434
 4467.8700  0.959332
 4467.9000  0.959218
 4467.9300  0.958422
 4467.9600  0.957222
 4467.9900  0.955795
 4468.0200  0.954242
 4468.0500  0.952481
 4468.0800  0.950905
 4468.1100  0.949430
 4468.1400  0.947818
 4468.1700  0.945500
 4468.2000  0.942228
 4468.2300  0.938813
 4468.2600  0.936058
 4468.2900  0.934984
 4468.3200  0.935547
 4468.3500  0.937157
 4468.3800  0.939199
 4468.4100  0.941068
 4468.4400  0.942593
 4468.4700  0.944008
 4468.5000  0.945687
 4468.5300  0.947972
 4468.5600  0.950865
 4468.5900  0.953829
 4468.6200  0.956093
 4468.6500  0.957227
 4468.6800  0.957346
 4468.7100  0.956764
 4468.7400  0.955777
 4468.7700  0.954699
 4468.8000  0.953793
 4468.8300  0.952992
 4468.8600  0.952218
 4468.8900  0.951331
 4468.9200  0.950267
 4468.9500  0.949007
 4468.9800  0.947410
 4469.0100  0.945484
 4469.0400  0.943310
 4469.0700  0.941170
 4469.1000  0.938817
 4469.1300  0.935604
 4469.1600  0.931595
 4469.1900  0.927860
 4469.2200  0.926004
 4469.2500  0.926615
 4469.2800  0.928694
 4469.3100  0.930575
 4469.3400  0.931454
 4469.3700  0.932049
 4469.4000  0.933463
 4469.4300  0.936228
 4469.4600  0.939845
 4469.4900  0.943685
 4469.5200  0.947737
 4469.5500  0.951999
 4469.5800  0.956686
 4469.6100  0.961957
 4469.6400  0.967343
 4469.6700  0.972219
 4469.7000  0.976002
 4469.7300  0.977660
 4469.7600  0.976970
 4469.7900  0.974519
 4469.8200  0.971655
 4469.8500  0.969379
 4469.8800  0.967843
 4469.9100  0.966934
 4469.9400  0.966177
 4469.9700  0.965908
 4470.0000  0.966316
 4470.0300  0.966735
 4470.0600  0.966312
 4470.0900  0.964945
 4470.1200  0.963009
 4470.1500  0.961751
 4470.1800  0.961530
 4470.2100  0.961941
 4470.2400  0.962306
 4470.2700  0.962050
 4470.3000  0.961569
 4470.3300  0.961351
 4470.3600  0.962069
 4470.3900  0.963860
 4470.4200  0.966157
 4470.4500  0.968058
 4470.4800  0.968573
 4470.5100  0.967628
 4470.5400  0.965648
 4470.5700  0.963240
 4470.6000  0.960653
 4470.6300  0.957824
 4470.6600  0.955185
 4470.6900  0.953423
 4470.7200  0.953035
 4470.7500  0.953529
 4470.7800  0.953922
 4470.8100  0.953671
 4470.8400  0.953030
 4470.8700  0.952961
 4470.9000  0.953696
 4470.9300  0.954660
 4470.9600  0.955139
 4470.9900  0.954890
 4471.0200  0.954342
 4471.0500  0.954255
 4471.0800  0.954813
 4471.1100  0.955432
 4471.1400  0.955171
 4471.1700  0.953398
 4471.2000  0.950272
 4471.2300  0.946743
 4471.2600  0.944186
 4471.2900  0.942902
 4471.3200  0.942600
 4471.3500  0.942802
 4471.3800  0.943008
 4471.4100  0.943406
 4471.4400  0.943814
 4471.4700  0.944311
 4471.5000  0.944860
 4471.5300  0.945664
 4471.5600  0.947360
 4471.5900  0.950077
 4471.6200  0.954030
 4471.6500  0.958730
 4471.6800  0.963599
 4471.7100  0.968180
 4471.7400  0.972232
 4471.7700  0.976036
 4471.8000  0.979594
 4471.8300  0.982683
 4471.8600  0.985216
 4471.8900  0.987128
 4471.9200  0.988292
 4471.9500  0.988691
 4471.9800  0.988364
 4472.0100  0.987789
 4472.0400  0.987323
 4472.0700  0.986945
 4472.1000  0.986095
 4472.1300  0.983857
 4472.1600  0.980005
 4472.1900  0.974971
 4472.2200  0.969619
 4472.2500  0.964796
 4472.2800  0.960977
 4472.3100  0.958115
 4472.3400  0.955698
 4472.3700  0.953543
 4472.4000  0.951836
 4472.4300  0.950850
 4472.4600  0.950449
 4472.4900  0.949887
 4472.5200  0.948418
 4472.5500  0.945908
 4472.5800  0.943091
 4472.6100  0.941197
 4472.6400  0.941080
 4472.6700  0.942856
 4472.7000  0.946244
 4472.7300  0.950305
 4472.7600  0.954561
 4472.7900  0.958611
 4472.8200  0.962256
 4472.8500  0.965560
 4472.8800  0.968473
 4472.9100  0.971515
 4472.9400  0.975091
 4472.9700  0.979402
 4473.0000  0.984217
 4473.0300  0.988895
 4473.0600  0.992707
 4473.0900  0.994888
 4473.1200  0.995670
 4473.1500  0.995640
 4473.1800  0.995449
 4473.2100  0.995504
 4473.2400  0.995603
 4473.2700  0.995357
 4473.3000  0.994559
 4473.3300  0.993409
 4473.3600  0.992097
 4473.3900  0.990612
 4473.4200  0.988996
 4473.4500  0.987372
 4473.4800  0.985547
 4473.5100  0.983409
 4473.5400  0.980985
 4473.5700  0.978332
 4473.6000  0.975734
 4473.6300  0.973888
 4473.6600  0.973127
 4473.6900  0.973372
 4473.7200  0.974294
 4473.7500  0.975201
 4473.7800  0.975363
 4473.8100  0.974813
 4473.8400  0.973721
 4473.8700  0.972693
 4473.9000  0.972194
 4473.9300  0.972462
 4473.9600  0.973479
 4473.9900  0.974596
 4474.0200  0.975027
 4474.0500  0.974189
 4474.0800  0.972207
 4474.1100  0.969752
 4474.1400  0.967579
 4474.1700  0.966057
 4474.2000  0.964692
 4474.2300  0.963136
 4474.2600  0.961312
 4474.2900  0.959371
 4474.3200  0.957638
 4474.3500  0.956298
 4474.3800  0.955127
 4474.4100  0.954169
 4474.4400  0.953429
 4474.4700  0.952782
 4474.5000  0.952147
 4474.5300  0.951649
 4474.5600  0.951544
 4474.5900  0.951608
 4474.6200  0.951508
 4474.6500  0.951058
 4474.6800  0.950570
 4474.7100  0.950903
 4474.7400  0.952617
 4474.7700  0.955276
 4474.8000  0.958256
 4474.8300  0.961441
 4474.8600  0.964956
 4474.8900  0.968518
 4474.9200  0.971393
 4474.9500  0.973010
 4474.9800  0.973125
 4475.0100  0.972017
 4475.0400  0.970026
 4475.0700  0.967482
 4475.1000  0.965421
 4475.1300  0.964884
 4475.1600  0.966297
 4475.1900  0.968841
 4475.2200  0.971309
 4475.2500  0.972917
 4475.2800  0.973246
 4475.3100  0.972846
 4475.3400  0.971646
 4475.3700  0.969646
 4475.4000  0.967093
 4475.4300  0.964260
 4475.4600  0.961519
 4475.4900  0.959106
 4475.5200  0.956996
 4475.5500  0.955261
 4475.5800  0.954032
 4475.6100  0.953421
 4475.6400  0.953411
 4475.6700  0.953418
 4475.7000  0.953115
 4475.7300  0.952458
 4475.7600  0.951692
 4475.7900  0.951288
 4475.8200  0.951623
 4475.8500  0.952620
 4475.8800  0.953970
 4475.9100  0.955604
 4475.9400  0.957603
 4475.9700  0.960137
 4476.0000  0.963339
 4476.0300  0.966912
 4476.0600  0.970593
 4476.0900  0.974416
 4476.1200  0.978418
 4476.1500  0.982213
 4476.1800  0.984994
 4476.2100  0.986232
 4476.2400  0.986311
 4476.2700  0.986039
 4476.3000  0.986474
 4476.3300  0.988093
 4476.3600  0.990473
 4476.3900  0.993072
 4476.4200  0.995088
 4476.4500  0.996192
 4476.4800  0.996247
 4476.5100  0.995222
 4476.5400  0.993261
 4476.5700  0.990645
 4476.6000  0.988172
 4476.6300  0.986711
 4476.6600  0.986632
 4476.6900  0.987352
 4476.7200  0.987689
 4476.7500  0.986891
 4476.7800  0.984984
 4476.8100  0.982514
 4476.8400  0.979940
 4476.8700  0.977565
 4476.9000  0.975503
 4476.9300  0.973725
 4476.9600  0.972546
 4476.9900  0.971861
 4477.0200  0.971644
 4477.0500  0.971917
 4477.0800  0.972640
 4477.1100  0.973911
 4477.1400  0.975975
 4477.1700  0.978700
 4477.2000  0.981625
 4477.2300  0.984025
 4477.2600  0.985414
 4477.2900  0.985913
 4477.3200  0.985715
 4477.3500  0.985038
 4477.3800  0.984116
 4477.4100  0.983492
 4477.4400  0.983927
 4477.4700  0.985806
 4477.5000  0.988559
 4477.5300  0.990867
 4477.5600  0.991798
 4477.5900  0.991339
 4477.6200  0.989924
 4477.6500  0.987955
 4477.6800  0.985823
 4477.7100  0.983467
 4477.7400  0.980951
 4477.7700  0.978331
 4477.8000  0.975691
 4477.8300  0.973536
 4477.8600  0.972828
 4477.8900  0.974042
 4477.9200  0.976654
 4477.9500  0.979684
 4477.9800  0.982041
 4478.0100  0.983065
 4478.0400  0.982942
 4478.0700  0.981712
 4478.1000  0.979823
 4478.1300  0.978201
 4478.1600  0.977907
 4478.1900  0.979309
 4478.2200  0.981495
 4478.2500  0.983005
 4478.2800  0.982671
 4478.3100  0.980973
 4478.3400  0.979070
 4478.3700  0.977597
 4478.4000  0.976444
 4478.4300  0.974876
 4478.4600  0.972914
 4478.4900  0.971254
 4478.5200  0.970982
 4478.5500  0.972837
 4478.5800  0.976532
 4478.6100  0.981042
 4478.6400  0.985024
 4478.6700  0.987554
 4478.7000  0.988888
 4478.7300  0.990029
 4478.7600  0.991697
 4478.7900  0.993887
 4478.8200  0.995435
 4478.8500  0.995635
 4478.8800  0.994545
 4478.9100  0.992678
 4478.9400  0.990468
 4478.9700  0.987733
 4479.0000  0.984173
 4479.0300  0.979857
 4479.0600  0.975048
 4479.0900  0.970082
 4479.1200  0.965312
 4479.1500  0.961019
 4479.1800  0.957593
 4479.2100  0.955053
 4479.2400  0.953379
 4479.2700  0.952285
 4479.3000  0.951301
 4479.3300  0.950465
 4479.3600  0.949840
 4479.3900  0.949828
 4479.4200  0.950580
 4479.4500  0.951747
 4479.4800  0.952792
 4479.5100  0.953323
 4479.5400  0.953194
 4479.5700  0.952607
 4479.6000  0.951693
 4479.6300  0.950342
 4479.6600  0.948390
 4479.6900  0.945967
 4479.7200  0.943644
 4479.7500  0.941851
 4479.7800  0.940744
 4479.8100  0.940274
 4479.8400  0.940261
 4479.8700  0.940651
 4479.9000  0.941860
 4479.9300  0.943681
 4479.9600  0.945955
 4479.9900  0.948346
 4480.0200  0.950476
 4480.0500  0.952435
 4480.0800  0.954380
 4480.1100  0.956515
 4480.1400  0.958836
 4480.1700  0.961086
 4480.2000  0.962947
 4480.2300  0.964334
 4480.2600  0.965536
 4480.2900  0.966882
 4480.3200  0.968474
 4480.3500  0.970366
 4480.3800  0.972243
 4480.4100  0.973432
 4480.4400  0.973787
 4480.4700  0.973037
 4480.5000  0.971693
 4480.5300  0.970647
 4480.5600  0.970383
 4480.5900  0.970681
 4480.6200  0.970857
 4480.6500  0.970314
 4480.6800  0.969081
 4480.7100  0.967812
 4480.7400  0.966983
 4480.7700  0.966312
 4480.8000  0.965147
 4480.8300  0.963121
 4480.8600  0.960480
 4480.8900  0.958098
 4480.9200  0.956598
 4480.9500  0.955887
 4480.9800  0.955651
 4481.0100  0.955474
 4481.0400  0.955260
 4481.0700  0.955140
 4481.1000  0.955094
 4481.1300  0.954860
 4481.1600  0.954328
 4481.1900  0.953909
 4481.2200  0.954305
 4481.2500  0.955953
 4481.2800  0.958562
 4481.3100  0.961284
 4481.3400  0.963434
 4481.3700  0.964950
 4481.4000  0.966128
 4481.4300  0.966978
 4481.4600  0.967287
 4481.4900  0.966940
 4481.5200  0.966045
 4481.5500  0.964917
 4481.5800  0.963900
 4481.6100  0.963116
 4481.6400  0.962384
 4481.6700  0.961337
 4481.7000  0.959613
 4481.7300  0.957064
 4481.7600  0.954065
 4481.7900  0.951123
 4481.8200  0.948459
 4481.8500  0.945996
 4481.8800  0.943595
 4481.9100  0.941155
 4481.9400  0.938706
 4481.9700  0.936383
 4482.0000  0.934356
 4482.0300  0.932779
 4482.0600  0.931733
 4482.0900  0.931212
 4482.1200  0.931311
 4482.1500  0.932170
 4482.1800  0.934018
 4482.2100  0.936867
 4482.2400  0.940255
 4482.2700  0.943529
 4482.3000  0.946216
 4482.3300  0.948111
 4482.3600  0.949260
 4482.3900  0.949854
 4482.4200  0.950044
 4482.4500  0.949877
 4482.4800  0.949665
 4482.5100  0.949962
 4482.5400  0.951085
 4482.5700  0.953071
 4482.6000  0.955689
 4482.6300  0.958433
 4482.6600  0.961387
 4482.6900  0.964439
 4482.7200  0.967468
 4482.7500  0.970326
 4482.7800  0.972955
 4482.8100  0.975708
 4482.8400  0.978880
 4482.8700  0.982616
 4482.9000  0.986429
 4482.9300  0.989957
 4482.9600  0.993199
 4482.9900  0.995921
 4483.0200  0.998302
 4483.0500  1.000005
 4483.0800  1.000769
 4483.1100  1.000415
 4483.1400  0.998648
 4483.1700  0.995372
 4483.2000  0.991031
 4483.2300  0.986442
 4483.2600  0.982365
 4483.2900  0.978975
 4483.3200  0.975934
 4483.3500  0.973109
 4483.3800  0.971017
 4483.4100  0.970374
 4483.4400  0.971217
 4483.4700  0.972697
 4483.5000  0.973698
 4483.5300  0.973638
 4483.5600  0.972685
 4483.5900  0.971646
 4483.6200  0.971116
 4483.6500  0.971005
 4483.6800  0.970800
 4483.7100  0.970068
 4483.7400  0.968607
 4483.7700  0.966980
 4483.8000  0.965401
 4483.8300  0.963760
 4483.8600  0.961810
 4483.8900  0.959466
 4483.9200  0.957521
 4483.9500  0.956840
 4483.9800  0.957692
 4484.0100  0.959417
 4484.0400  0.961098
 4484.0700  0.962489
 4484.1000  0.964085
 4484.1300  0.966497
 4484.1600  0.969455
 4484.1900  0.972216
 4484.2200  0.974197
 4484.2500  0.975543
 4484.2800  0.977260
 4484.3100  0.979561
 4484.3400  0.982091
 4484.3700  0.984162
 4484.4000  0.985536
 4484.4300  0.986777
 4484.4600  0.988374
 4484.4900  0.990005
 4484.5200  0.990679
 4484.5500  0.989903
 4484.5800  0.988023
 4484.6100  0.986027
 4484.6400  0.985149
 4484.6700  0.985476
 4484.7000  0.986560
 4484.7300  0.987766
 4484.7600  0.988778
 4484.7900  0.989786
 4484.8200  0.990965
 4484.8500  0.992004
 4484.8800  0.992189
 4484.9100  0.991237
 4484.9400  0.989439
 4484.9700  0.987403
 4485.0000  0.985732
 4485.0300  0.984514
 4485.0600  0.983667
 4485.0900  0.983088
 4485.1200  0.982765
 4485.1500  0.982653
 4485.1800  0.982511
 4485.2100  0.982243
 4485.2400  0.981473
 4485.2700  0.980041
 4485.3000  0.978023
 4485.3300  0.975613
 4485.3600  0.973100
 4485.3900  0.970604
 4485.4200  0.968316
 4485.4500  0.966640
 4485.4800  0.965895
 4485.5100  0.966129
 4485.5400  0.967089
 4485.5700  0.968228
 4485.6000  0.969728
 4485.6300  0.971790
 4485.6600  0.974414
 4485.6900  0.977188
 4485.7200  0.979362
 4485.7500  0.980848
 4485.7800  0.981716
 4485.8100  0.982661
 4485.8400  0.983984
 4485.8700  0.985456
 4485.9000  0.987011
 4485.9300  0.988448
 4485.9600  0.989842
 4485.9900  0.991295
 4486.0200  0.992975
 4486.0500  0.994956
 4486.0800  0.997086
 4486.1100  0.999212
 4486.1400  1.000801
 4486.1700  1.001447
 4486.2000  1.001184
 4486.2300  1.000087
 4486.2600  0.998213
 4486.2900  0.996215
 4486.3200  0.994231
 4486.3500  0.992813
 4486.3800  0.992253
 4486.4100  0.992414
 4486.4400  0.993039
 4486.4700  0.993549
 4486.5000  0.993693
 4486.5300  0.993154
 4486.5600  0.991750
 4486.5900  0.989419
 4486.6200  0.986127
 4486.6500  0.982215
 4486.6800  0.978647
 4486.7100  0.976338
 4486.7400  0.975583
 4486.7700  0.975967
 4486.8000  0.976712
 4486.8300  0.977248
 4486.8600  0.977706
 4486.8900  0.978504
 4486.9200  0.979651
 4486.9500  0.980769
 4486.9800  0.981383
 4487.0100  0.981108
 4487.0400  0.980275
 4487.0700  0.979372
 4487.1000  0.978548
 4487.1300  0.977476
 4487.1600  0.975646
 4487.1900  0.972941
 4487.2200  0.970146
 4487.2500  0.968896
 4487.2800  0.970134
 4487.3100  0.973580
 4487.3400  0.977931
 4487.3700  0.981376
 4487.4000  0.983179
 4487.4300  0.983593
 4487.4600  0.982901
 4487.4900  0.981044
 4487.5200  0.977811
 4487.5500  0.973335
 4487.5800  0.968729
 4487.6100  0.965279
 4487.6400  0.963432
 4487.6700  0.962581
 4487.7000  0.961700
 4487.7300  0.960227
 4487.7600  0.958389
 4487.7900  0.956818
 4487.8200  0.955744
 4487.8500  0.954713
 4487.8800  0.953081
 4487.9100  0.950845
 4487.9400  0.949057
 4487.9700  0.949161
 4488.0000  0.951535
 4488.0300  0.955392
 4488.0600  0.959364
 4488.0900  0.962403
 4488.1200  0.964953
 4488.1500  0.967665
 4488.1800  0.970762
 4488.2100  0.973795
 4488.2400  0.976202
 4488.2700  0.978040
 4488.3000  0.979755
 4488.3300  0.981899
 4488.3600  0.984117
 4488.3900  0.985497
 4488.4200  0.985254
 4488.4500  0.983268
 4488.4800  0.980487
 4488.5100  0.977628
 4488.5400  0.975131
 4488.5700  0.972637
 4488.6000  0.969388
 4488.6300  0.965155
 4488.6600  0.960077
 4488.6900  0.954819
 4488.7200  0.950073
 4488.7500  0.946519
 4488.7800  0.944401
 4488.8100  0.943337
 4488.8400  0.943186
 4488.8700  0.943616
 4488.9000  0.944705
 4488.9300  0.946318
 4488.9600  0.947986
 4488.9900  0.949458
 4489.0200  0.950740
 4489.0500  0.952131
 4489.0800  0.953852
 4489.1100  0.955871
 4489.1400  0.958047
 4489.1700  0.960221
 4489.2000  0.961980
 4489.2300  0.962716
 4489.2600  0.962244
 4489.2900  0.960654
 4489.3200  0.958321
 4489.3500  0.955878
 4489.3800  0.953683
 4489.4100  0.951942
 4489.4400  0.950613
 4489.4700  0.949568
 4489.5000  0.948532
 4489.5300  0.947273
 4489.5600  0.946072
 4489.5900  0.945024
 4489.6200  0.944686
 4489.6500  0.945606
 4489.6800  0.948111
 4489.7100  0.952097
 4489.7400  0.956503
 4489.7700  0.960169
 4489.8000  0.962019
 4489.8300  0.962133
 4489.8600  0.961413
 4489.8900  0.960768
 4489.9200  0.961031
 4489.9500  0.962083
 4489.9800  0.963499
 4490.0100  0.964992
 4490.0400  0.966482
 4490.0700  0.968019
 4490.1000  0.969597
 4490.1300  0.970748
 4490.1600  0.971418
 4490.1900  0.971703
 4490.2200  0.971712
 4490.2500  0.971449
 4490.2800  0.970615
 4490.3100  0.969190
 4490.3400  0.967413
 4490.3700  0.965842
 4490.4000  0.964821
 4490.4300  0.964403
 4490.4600  0.964811
 4490.4900  0.965676
 4490.5200  0.966580
 4490.5500  0.967043
 4490.5800  0.966839
 4490.6100  0.966375
 4490.6400  0.966370
 4490.6700  0.967030
 4490.7000  0.968308
 4490.7300  0.969795
 4490.7600  0.971355
 4490.7900  0.973173
 4490.8200  0.974997
 4490.8500  0.976600
 4490.8800  0.977647
 4490.9100  0.978111
 4490.9400  0.978371
 4490.9700  0.978716
 4491.0000  0.978853
 4491.0300  0.978312
 4491.0600  0.976917
 4491.0900  0.974982
 4491.1200  0.972978
 4491.1500  0.971287
 4491.1800  0.970173
 4491.2100  0.969481
 4491.2400  0.969438
 4491.2700  0.970078
 4491.3000  0.971177
 4491.3300  0.972637
 4491.3600  0.974444
 4491.3900  0.976066
 4491.4200  0.977117
 4491.4500  0.977234
 4491.4800  0.976765
 4491.5100  0.976808
 4491.5400  0.978081
 4491.5700  0.980213
 4491.6000  0.982023
 4491.6300  0.982834
 4491.6600  0.983149
 4491.6900  0.984091
 4491.7200  0.986139
 4491.7500  0.988530
 4491.7800  0.989976
 4491.8100  0.990038
 4491.8400  0.989293
 4491.8700  0.988682
 4491.9000  0.988671
 4491.9300  0.988629
 4491.9600  0.987863
 4491.9900  0.986203
 4492.0200  0.984030
 4492.0500  0.981714
 4492.0800  0.979181
 4492.1100  0.976384
 4492.1400  0.973227
 4492.1700  0.970283
 4492.2000  0.968002
 4492.2300  0.966421
 4492.2600  0.965684
 4492.2900  0.965780
 4492.3200  0.966944
 4492.3500  0.968865
 4492.3800  0.970906
 4492.4100  0.972478
 4492.4400  0.973302
 4492.4700  0.974018
 4492.5000  0.975236
 4492.5300  0.977332
 4492.5600  0.980283
 4492.5900  0.983765
 4492.6200  0.987374
 4492.6500  0.990604
 4492.6800  0.993340
 4492.7100  0.995503
 4492.7400  0.996924
 4492.7700  0.997395
 4492.8000  0.996703
 4492.8300  0.994776
 4492.8600  0.992194
 4492.8900  0.989712
 4492.9200  0.987723
 4492.9500  0.986127
 4492.9800  0.984549
 4493.0100  0.982777
 4493.0400  0.981385
 4493.0700  0.980784
 4493.1000  0.980814
 4493.1300  0.980823
 4493.1600  0.980114
 4493.1900  0.978688
 4493.2200  0.977128
 4493.2500  0.975974
 4493.2800  0.975100
 4493.3100  0.973982
 4493.3400  0.972415
 4493.3700  0.970759
 4493.4000  0.970044
 4493.4300  0.970665
 4493.4600  0.972040
 4493.4900  0.972975
 4493.5200  0.972487
 4493.5500  0.970713
 4493.5800  0.968437
 4493.6100  0.966299
 4493.6400  0.964208
 4493.6700  0.961817
 4493.7000  0.959419
 4493.7300  0.957913
 4493.7600  0.957951
 4493.7900  0.958709
 4493.8200  0.958454
 4493.8500  0.956055
 4493.8800  0.951964
 4493.9100  0.947799
 4493.9400  0.945106
 4493.9700  0.943646
 4494.0000  0.942549
 4494.0300  0.941253
 4494.0600  0.939702
 4494.0900  0.938601
 4494.1200  0.937858
 4494.1500  0.936914
 4494.1800  0.935235
 4494.2100  0.932928
 4494.2400  0.930742
 4494.2700  0.929160
 4494.3000  0.928501
 4494.3300  0.928386
 4494.3600  0.928435
 4494.3900  0.928473
 4494.4200  0.928467
 4494.4500  0.928946
 4494.4800  0.930411
 4494.5100  0.933201
 4494.5400  0.936954
 4494.5700  0.940902
 4494.6000  0.944568
 4494.6300  0.947861
 4494.6600  0.951382
 4494.6900  0.954771
 4494.7200  0.957294
 4494.7500  0.958350
 4494.7800  0.957877
 4494.8100  0.957152
 4494.8400  0.957350
 4494.8700  0.959163
 4494.9000  0.962167
 4494.9300  0.965332
 4494.9600  0.967764
 4494.9900  0.968586
 4495.0200  0.967907
 4495.0500  0.966053
 4495.0800  0.963738
 4495.1100  0.961779
 4495.1400  0.960687
 4495.1700  0.960820
 4495.2000  0.961616
 4495.2300  0.962476
 4495.2600  0.962785
 4495.2900  0.962328
 4495.3200  0.961655
 4495.3500  0.961444
 4495.3800  0.962067
 4495.4100  0.963625
 4495.4400  0.965509
 4495.4700  0.966928
 4495.5000  0.967560
 4495.5300  0.967374
 4495.5600  0.967164
 4495.5900  0.967266
 4495.6200  0.967531
 4495.6500  0.967370
 4495.6800  0.966107
 4495.7100  0.963802
 4495.7400  0.960573
 4495.7700  0.956788
 4495.8000  0.952414
 4495.8300  0.947494
 4495.8600  0.942635
 4495.8900  0.938283
 4495.9200  0.935279
 4495.9500  0.933839
 4495.9800  0.933331
 4496.0100  0.932996
 4496.0400  0.932800
 4496.0700  0.933626
 4496.1000  0.936534
 4496.1300  0.941520
 4496.1600  0.947101
 4496.1900  0.951568
 4496.2200  0.954444
 4496.2500  0.956387
 4496.2800  0.958137
 4496.3100  0.959758
 4496.3400  0.960908
 4496.3700  0.961298
 4496.4000  0.961139
 4496.4300  0.961211
 4496.4600  0.961689
 4496.4900  0.962344
 4496.5200  0.962262
 4496.5500  0.960584
 4496.5800  0.957514
 4496.6100  0.954288
 4496.6400  0.952625
 4496.6700  0.953114
 4496.7000  0.955281
 4496.7300  0.958234
 4496.7600  0.961408
 4496.7900  0.965017
 4496.8200  0.968979
 4496.8500  0.972935
 4496.8800  0.976471
 4496.9100  0.979600
 4496.9400  0.982776
 4496.9700  0.986084
 4497.0000  0.989013
 4497.0300  0.990863
 4497.0600  0.991350
 4497.0900  0.990816
 4497.1200  0.990044
 4497.1500  0.989792
 4497.1800  0.989966
 4497.2100  0.989902
 4497.2400  0.988967
 4497.2700  0.986865
 4497.3000  0.983721
 4497.3300  0.980019
 4497.3600  0.976107
 4497.3900  0.971963
 4497.4200  0.968070
 4497.4500  0.965257
 4497.4800  0.964122
 4497.5100  0.965089
 4497.5400  0.967669
 4497.5700  0.970708
 4497.6000  0.973384
 4497.6300  0.975559
 4497.6600  0.977587
 4497.6900  0.980113
 4497.7200  0.983207
 4497.7500  0.986085
 4497.7800  0.988264
 4497.8100  0.989630
 4497.8400  0.990062
 4497.8700  0.989904
 4497.9000  0.989746
 4497.9300  0.990317
 4497.9600  0.991967
 4497.9900  0.994391
 4498.0200  0.996886
 4498.0500  0.998855
 4498.0800  1.000126
 4498.1100  1.000636
 4498.1400  1.000729
 4498.1700  1.000731
 4498.2000  1.000432
 4498.2300  0.999394
 4498.2600  0.997116
 4498.2900  0.993901
 4498.3200  0.990552
 4498.3500  0.987867
 4498.3800  0.986123
 4498.4100  0.984686
 4498.4400  0.983010
 4498.4700  0.981231
 4498.5000  0.979918
 4498.5300  0.979573
 4498.5600  0.980246
 4498.5900  0.981448
 4498.6200  0.982476
 4498.6500  0.982929
 4498.6800  0.982880
 4498.7100  0.982731
 4498.7400  0.982929
 4498.7700  0.983647
 4498.8000  0.984616
 4498.8300  0.985745
 4498.8600  0.987114
 4498.8900  0.988787
 4498.9200  0.990666
 4498.9500  0.992397
 4498.9800  0.993735
 4499.0100  0.994647
 4499.0400  0.995273
 4499.0700  0.995713
 4499.1000  0.995937
 4499.1300  0.995982
 4499.1600  0.996043
 4499.1900  0.996519
 4499.2200  0.997554
 4499.2500  0.998843
 4499.2800  0.999851
 4499.3100  1.000194
 4499.3400  1.000055
 4499.3700  0.999805
 4499.4000  0.999643
 4499.4300  0.999595
 4499.4600  0.999627
 4499.4900  0.999676
 4499.5200  0.999852
 4499.5500  1.000182
 4499.5800  1.000532
 4499.6100  1.000691
 4499.6400  1.000509
 4499.6700  1.000030
 4499.7000  0.999456
 4499.7300  0.999031
 4499.7600  0.998828
 4499.7900  0.998691
 4499.8200  0.998399
 4499.8500  0.997860
 4499.8800  0.997075
 4499.9100  0.996201
 4499.9400  0.995333
 4499.9700  0.994477
 4500.0000  0.993754
