AG04000g000v2.vis.1  4000 0.0 1.0
AG04000g050v2.vis.1  4000 0.5 1.0
AG04000g100v2.vis.1  4000 1.0 1.0
AG04000g150v2.vis.1  4000 1.5 1.0
AG04000g200v2.vis.1  4000 2.0 1.0
AG04000g250v2.vis.1  4000 2.5 1.0
AG04000g300v2.vis.1  4000 3.0 1.0
AG04000g350v1.vis.1  4000 3.5 1.0
AG04000g400v1.vis.1  4000 4.0 1.0
AG04000g450v1.vis.1  4000 4.5 1.0
AG04000g500v1.vis.1  4000 5.0 1.0
AG04250g000v2.vis.1  4250 0.0 1.0
AG04250g050v2.vis.1  4250 0.5 1.0
AG04250g100v2.vis.1  4250 1.0 1.0
AG04250g150v2.vis.1  4250 1.5 1.0
AG04250g200v2.vis.1  4250 2.0 1.0
AG04250g250v2.vis.1  4250 2.5 1.0
AG04250g300v2.vis.1  4250 3.0 1.0
AG04250g350v1.vis.1  4250 3.5 1.0
AG04250g400v1.vis.1  4250 4.0 1.0
AG04250g450v1.vis.1  4250 4.5 1.0
AG04250g500v1.vis.1  4250 5.0 1.0
AG04500g000v2.vis.1  4500 0.0 1.0
AG04500g050v2.vis.1  4500 0.5 1.0
AG04500g100v2.vis.1  4500 1.0 1.0
AG04500g150v2.vis.1  4500 1.5 1.0
AG04500g200v2.vis.1  4500 2.0 1.0
AG04500g250v2.vis.1  4500 2.5 1.0
AG04500g300v2.vis.1  4500 3.0 1.0
AG04500g350v1.vis.1  4500 3.5 1.0
AG04500g400v1.vis.1  4500 4.0 1.0
AG04500g450v1.vis.1  4500 4.5 1.0
AG04500g500v1.vis.1  4500 5.0 1.0
AG04750g000v2.vis.1  4750 0.0 1.0
AG04750g050v2.vis.1  4750 0.5 1.0
AG04750g100v2.vis.1  4750 1.0 1.0
AG04750g150v2.vis.1  4750 1.5 1.0
AG04750g200v2.vis.1  4750 2.0 1.0
AG04750g250v2.vis.1  4750 2.5 1.0
AG04750g300v2.vis.1  4750 3.0 1.0
AG04750g350v1.vis.1  4750 3.5 1.0
AG04750g400v1.vis.1  4750 4.0 1.0
AG04750g450v1.vis.1  4750 4.5 1.0
AG04750g500v1.vis.1  4750 5.0 1.0
AG05000g000v2.vis.1  5000 0.0 1.0
AG05000g050v2.vis.1  5000 0.5 1.0
AG05000g100v2.vis.1  5000 1.0 1.0
AG05000g150v2.vis.1  5000 1.5 1.0
AG05000g200v2.vis.1  5000 2.0 1.0
AG05000g250v2.vis.1  5000 2.5 1.0
AG05000g300v2.vis.1  5000 3.0 1.0
AG05000g350v1.vis.1  5000 3.5 1.0
AG05000g400v1.vis.1  5000 4.0 1.0
AG05000g450v1.vis.1  5000 4.5 1.0
AG05000g500v1.vis.1  5000 5.0 1.0
AG05250g050v2.vis.1  5250 0.5 1.0
AG05250g100v2.vis.1  5250 1.0 1.0
AG05250g150v2.vis.1  5250 1.5 1.0
AG05250g200v2.vis.1  5250 2.0 1.0
AG05250g250v2.vis.1  5250 2.5 1.0
AG05250g300v2.vis.1  5250 3.0 1.0
AG05250g350v1.vis.1  5250 3.5 1.0
AG05250g400v1.vis.1  5250 4.0 1.0
AG05250g450v1.vis.1  5250 4.5 1.0
AG05250g500v1.vis.1  5250 5.0 1.0
AG05500g050v2.vis.1  5500 0.5 1.0
AG05500g100v2.vis.1  5500 1.0 1.0
AG05500g150v2.vis.1  5500 1.5 1.0
AG05500g200v2.vis.1  5500 2.0 1.0
AG05500g250v2.vis.1  5500 2.5 1.0
AG05500g300v2.vis.1  5500 3.0 1.0
AG05500g350v1.vis.1  5500 3.5 1.0
AG05500g400v1.vis.1  5500 4.0 1.0
AG05500g450v1.vis.1  5500 4.5 1.0
AG05500g500v1.vis.1  5500 5.0 1.0
AG05750g100v2.vis.1  5750 1.0 1.0
AG05750g150v2.vis.1  5750 1.5 1.0
AG05750g200v2.vis.1  5750 2.0 1.0
AG05750g250v2.vis.1  5750 2.5 1.0
AG05750g300v2.vis.1  5750 3.0 1.0
AG05750g350v1.vis.1  5750 3.5 1.0
AG05750g400v1.vis.1  5750 4.0 1.0
AG05750g450v1.vis.1  5750 4.5 1.0
AG05750g500v1.vis.1  5750 5.0 1.0
AG06000g100v2.vis.1  6000 1.0 1.0
AG06000g150v2.vis.1  6000 1.5 1.0
AG06000g200v2.vis.1  6000 2.0 1.0
AG06000g250v2.vis.1  6000 2.5 1.0
AG06000g300v2.vis.1  6000 3.0 1.0
AG06000g350v1.vis.1  6000 3.5 1.0
AG06000g400v1.vis.1  6000 4.0 1.0
AG06000g450v1.vis.1  6000 4.5 1.0
AG06000g500v1.vis.1  6000 5.0 1.0
AG06250g100v2.vis.1  6250 1.0 1.0
AG06250g150v2.vis.1  6250 1.5 1.0
AG06250g200v2.vis.1  6250 2.0 1.0
AG06250g250v2.vis.1  6250 2.5 1.0
AG06250g300v2.vis.1  6250 3.0 1.0
AG06250g350v1.vis.1  6250 3.5 1.0
AG06250g400v1.vis.1  6250 4.0 1.0
AG06250g450v1.vis.1  6250 4.5 1.0
AG06250g500v1.vis.1  6250 5.0 1.0
AG06500g100v2.vis.1  6500 1.0 1.0
AG06500g250v2.vis.1  6500 2.5 1.0
AG06500g300v2.vis.1  6500 3.0 1.0
AG06500g350v1.vis.1  6500 3.5 1.0
AG06500g400v1.vis.1  6500 4.0 1.0
AG06500g450v1.vis.1  6500 4.5 1.0
AG06500g500v1.vis.1  6500 5.0 1.0
AG06750g100v2.vis.1  6750 1.0 1.0
AG06750g150v2.vis.1  6750 1.5 1.0
AG06750g200v2.vis.1  6750 2.0 1.0
AG06750g350v1.vis.1  6750 3.5 1.0
AG06750g400v1.vis.1  6750 4.0 1.0
AG06750g450v1.vis.1  6750 4.5 1.0
AG06750g500v1.vis.1  6750 5.0 1.0
AG07000g150v2.vis.1  7000 1.5 1.0
AG07000g200v2.vis.1  7000 2.0 1.0
AG07000g250v2.vis.1  7000 2.5 1.0
AG07000g350v1.vis.1  7000 3.5 1.0
AG07000g400v1.vis.1  7000 4.0 1.0
AG07000g450v1.vis.1  7000 4.5 1.0
AG07000g500v1.vis.1  7000 5.0 1.0
AG07250g200v2.vis.1  7250 2.0 1.0
AG07250g250v2.vis.1  7250 2.5 1.0
AG07250g300v2.vis.1  7250 3.0 1.0
AG07250g350v1.vis.1  7250 3.5 1.0
AG07250g400v1.vis.1  7250 4.0 1.0
AG07250g450v1.vis.1  7250 4.5 1.0
AG07250g500v1.vis.1  7250 5.0 1.0
AG07500g200v2.vis.1  7500 2.0 1.0
AG07500g250v2.vis.1  7500 2.5 1.0
AG07500g300v2.vis.1  7500 3.0 1.0
AG07500g350v1.vis.1  7500 3.5 1.0
AG07500g400v1.vis.1  7500 4.0 1.0
AG07500g450v1.vis.1  7500 4.5 1.0
AG07500g500v1.vis.1  7500 5.0 1.0
AG07750g200v2.vis.1  7750 2.0 1.0
AG07750g250v2.vis.1  7750 2.5 1.0
AG07750g300v2.vis.1  7750 3.0 1.0
AG07750g350v1.vis.1  7750 3.5 1.0
AG07750g400v1.vis.1  7750 4.0 1.0
AG07750g500v1.vis.1  7750 5.0 1.0
AG08000g250v2.vis.1  8000 2.5 1.0
AG08000g300v2.vis.1  8000 3.0 1.0
AG08000g350v1.vis.1  8000 3.5 1.0
AG08000g400v1.vis.1  8000 4.0 1.0
AG08000g450v1.vis.1  8000 4.5 1.0
AG08000g500v1.vis.1  8000 5.0 1.0
