# Component: primary
# Region: (6330.0,6375.0)
# KOREL: False
# Parameters: {'rv': 19.9864936135, 'teff': 25000.0, 'vrot': 150.0, 'logg': 4.2, 'lr': 0.7, 'z': 1.0}
6.3300000000e+03 6.9995987687e-01
6.3300250000e+03 6.9995814162e-01
6.3300500000e+03 6.9995640637e-01
6.3300750000e+03 6.9995467112e-01
6.3301000000e+03 6.9995293587e-01
6.3301250000e+03 6.9995120062e-01
6.3301500000e+03 6.9994946537e-01
6.3301750000e+03 6.9994773012e-01
6.3302000000e+03 6.9994599487e-01
6.3302250000e+03 6.9994425962e-01
6.3302500000e+03 6.9994252434e-01
6.3302750000e+03 6.9994078920e-01
6.3303000000e+03 6.9993905354e-01
6.3303250000e+03 6.9993731981e-01
6.3303500000e+03 6.9993557889e-01
6.3303750000e+03 6.9993386480e-01
6.3304000000e+03 6.9993205063e-01
6.3304250000e+03 6.9993056168e-01
6.3304500000e+03 6.9992979003e-01
6.3304750000e+03 6.9992911819e-01
6.3305000000e+03 6.9992843441e-01
6.3305250000e+03 6.9992777428e-01
6.3305500000e+03 6.9992712878e-01
6.3305750000e+03 6.9992649861e-01
6.3306000000e+03 6.9992588154e-01
6.3306250000e+03 6.9992527653e-01
6.3306500000e+03 6.9992468237e-01
6.3306750000e+03 6.9992409827e-01
6.3307000000e+03 6.9992352377e-01
6.3307250000e+03 6.9992295849e-01
6.3307500000e+03 6.9992240218e-01
6.3307750000e+03 6.9992185449e-01
6.3308000000e+03 6.9992131512e-01
6.3308250000e+03 6.9992078396e-01
6.3308500000e+03 6.9992026094e-01
6.3308750000e+03 6.9991974593e-01
6.3309000000e+03 6.9991923885e-01
6.3309250000e+03 6.9991873963e-01
6.3309500000e+03 6.9991824818e-01
6.3309750000e+03 6.9991776453e-01
6.3310000000e+03 6.9991728857e-01
6.3310250000e+03 6.9991681999e-01
6.3310500000e+03 6.9991635865e-01
6.3310750000e+03 6.9991590464e-01
6.3311000000e+03 6.9991545797e-01
6.3311250000e+03 6.9991501863e-01
6.3311500000e+03 6.9991458674e-01
6.3311750000e+03 6.9991416171e-01
6.3312000000e+03 6.9991374294e-01
6.3312250000e+03 6.9991333062e-01
6.3312500000e+03 6.9991292490e-01
6.3312750000e+03 6.9991252584e-01
6.3313000000e+03 6.9991213372e-01
6.3313250000e+03 6.9991174912e-01
6.3313500000e+03 6.9991137234e-01
6.3313750000e+03 6.9991100273e-01
6.3314000000e+03 6.9991063903e-01
6.3314250000e+03 6.9991027977e-01
6.3314500000e+03 6.9990991798e-01
6.3314750000e+03 6.9990952851e-01
6.3315000000e+03 6.9990903689e-01
6.3315250000e+03 6.9990825092e-01
6.3315500000e+03 6.9990675480e-01
6.3315750000e+03 6.9990379442e-01
6.3316000000e+03 6.9989825448e-01
6.3316250000e+03 6.9988885220e-01
6.3316500000e+03 6.9987452630e-01
6.3316750000e+03 6.9985486208e-01
6.3317000000e+03 6.9983033799e-01
6.3317250000e+03 6.9980224352e-01
6.3317500000e+03 6.9977231722e-01
6.3317750000e+03 6.9974225245e-01
6.3318000000e+03 6.9971327731e-01
6.3318250000e+03 6.9968599308e-01
6.3318500000e+03 6.9966047872e-01
6.3318750000e+03 6.9963653020e-01
6.3319000000e+03 6.9961386857e-01
6.3319250000e+03 6.9959224792e-01
6.3319500000e+03 6.9957147731e-01
6.3319750000e+03 6.9955140266e-01
6.3320000000e+03 6.9953188361e-01
6.3320250000e+03 6.9951278524e-01
6.3320500000e+03 6.9949400205e-01
6.3320750000e+03 6.9947549644e-01
6.3321000000e+03 6.9945730214e-01
6.3321250000e+03 6.9943948067e-01
6.3321500000e+03 6.9942207196e-01
6.3321750000e+03 6.9940507588e-01
6.3322000000e+03 6.9938846734e-01
6.3322250000e+03 6.9937221648e-01
6.3322500000e+03 6.9935629819e-01
6.3322750000e+03 6.9934069252e-01
6.3323000000e+03 6.9932538305e-01
6.3323250000e+03 6.9931035600e-01
6.3323500000e+03 6.9929559966e-01
6.3323750000e+03 6.9928110389e-01
6.3324000000e+03 6.9926685968e-01
6.3324250000e+03 6.9925285892e-01
6.3324500000e+03 6.9923909432e-01
6.3324750000e+03 6.9922555947e-01
6.3325000000e+03 6.9921224925e-01
6.3325250000e+03 6.9919915837e-01
6.3325500000e+03 6.9918628141e-01
6.3325750000e+03 6.9917361370e-01
6.3326000000e+03 6.9916115106e-01
6.3326250000e+03 6.9914888914e-01
6.3326500000e+03 6.9913682348e-01
6.3326750000e+03 6.9912495093e-01
6.3327000000e+03 6.9911326834e-01
6.3327250000e+03 6.9910177291e-01
6.3327500000e+03 6.9909046172e-01
6.3327750000e+03 6.9907933201e-01
6.3328000000e+03 6.9906838265e-01
6.3328250000e+03 6.9905761623e-01
6.3328500000e+03 6.9904704299e-01
6.3328750000e+03 6.9903668360e-01
6.3329000000e+03 6.9902656755e-01
6.3329250000e+03 6.9901672374e-01
6.3329500000e+03 6.9900716434e-01
6.3329750000e+03 6.9899787455e-01
6.3330000000e+03 6.9898881499e-01
6.3330250000e+03 6.9897993692e-01
6.3330500000e+03 6.9897120200e-01
6.3330750000e+03 6.9896258890e-01
6.3331000000e+03 6.9895409386e-01
6.3331250000e+03 6.9894572226e-01
6.3331500000e+03 6.9893748071e-01
6.3331750000e+03 6.9892937569e-01
6.3332000000e+03 6.9892141070e-01
6.3332250000e+03 6.9891358785e-01
6.3332500000e+03 6.9890590730e-01
6.3332750000e+03 6.9889836949e-01
6.3333000000e+03 6.9889097460e-01
6.3333250000e+03 6.9888372280e-01
6.3333500000e+03 6.9887661403e-01
6.3333750000e+03 6.9886964738e-01
6.3334000000e+03 6.9886282238e-01
6.3334250000e+03 6.9885613831e-01
6.3334500000e+03 6.9884959402e-01
6.3334750000e+03 6.9884318717e-01
6.3335000000e+03 6.9883691302e-01
6.3335250000e+03 6.9883076557e-01
6.3335500000e+03 6.9882473728e-01
6.3335750000e+03 6.9881881958e-01
6.3336000000e+03 6.9881300235e-01
6.3336250000e+03 6.9880726651e-01
6.3336500000e+03 6.9880160858e-01
6.3336750000e+03 6.9879603152e-01
6.3337000000e+03 6.9879054352e-01
6.3337250000e+03 6.9878515633e-01
6.3337500000e+03 6.9877988491e-01
6.3337750000e+03 6.9877474333e-01
6.3338000000e+03 6.9876974287e-01
6.3338250000e+03 6.9876489088e-01
6.3338500000e+03 6.9876019057e-01
6.3338750000e+03 6.9875564268e-01
6.3339000000e+03 6.9875124629e-01
6.3339250000e+03 6.9874700061e-01
6.3339500000e+03 6.9874290407e-01
6.3339750000e+03 6.9873895483e-01
6.3340000000e+03 6.9873515196e-01
6.3340250000e+03 6.9873149409e-01
6.3340500000e+03 6.9872798018e-01
6.3340750000e+03 6.9872461033e-01
6.3341000000e+03 6.9872138572e-01
6.3341250000e+03 6.9871830678e-01
6.3341500000e+03 6.9871537431e-01
6.3341750000e+03 6.9871258927e-01
6.3342000000e+03 6.9870995267e-01
6.3342250000e+03 6.9870746649e-01
6.3342500000e+03 6.9870513216e-01
6.3342750000e+03 6.9870294788e-01
6.3343000000e+03 6.9870090279e-01
6.3343250000e+03 6.9869897641e-01
6.3343500000e+03 6.9869714514e-01
6.3343750000e+03 6.9869539716e-01
6.3344000000e+03 6.9869373427e-01
6.3344250000e+03 6.9869215886e-01
6.3344500000e+03 6.9869065783e-01
6.3344750000e+03 6.9868920844e-01
6.3345000000e+03 6.9868778859e-01
6.3345250000e+03 6.9868638713e-01
6.3345500000e+03 6.9868500929e-01
6.3345750000e+03 6.9868367286e-01
6.3346000000e+03 6.9868240256e-01
6.3346250000e+03 6.9868122385e-01
6.3346500000e+03 6.9868015436e-01
6.3346750000e+03 6.9867920550e-01
6.3347000000e+03 6.9867838345e-01
6.3347250000e+03 6.9867769050e-01
6.3347500000e+03 6.9867712770e-01
6.3347750000e+03 6.9867669512e-01
6.3348000000e+03 6.9867639255e-01
6.3348250000e+03 6.9867621974e-01
6.3348500000e+03 6.9867617635e-01
6.3348750000e+03 6.9867626240e-01
6.3349000000e+03 6.9867647786e-01
6.3349250000e+03 6.9867682281e-01
6.3349500000e+03 6.9867729704e-01
6.3349750000e+03 6.9867790065e-01
6.3350000000e+03 6.9867863377e-01
6.3350250000e+03 6.9867949651e-01
6.3350500000e+03 6.9868048909e-01
6.3350750000e+03 6.9868161177e-01
6.3351000000e+03 6.9868286478e-01
6.3351250000e+03 6.9868424847e-01
6.3351500000e+03 6.9868576323e-01
6.3351750000e+03 6.9868740941e-01
6.3352000000e+03 6.9868918732e-01
6.3352250000e+03 6.9869109776e-01
6.3352500000e+03 6.9869314072e-01
6.3352750000e+03 6.9869531473e-01
6.3353000000e+03 6.9869761767e-01
6.3353250000e+03 6.9870004572e-01
6.3353500000e+03 6.9870259615e-01
6.3353750000e+03 6.9870527209e-01
6.3354000000e+03 6.9870808418e-01
6.3354250000e+03 6.9871104738e-01
6.3354500000e+03 6.9871417554e-01
6.3354750000e+03 6.9871747737e-01
6.3355000000e+03 6.9872094739e-01
6.3355250000e+03 6.9872455132e-01
6.3355500000e+03 6.9872822952e-01
6.3355750000e+03 6.9873193159e-01
6.3356000000e+03 6.9873564707e-01
6.3356250000e+03 6.9873940518e-01
6.3356500000e+03 6.9874324941e-01
6.3356750000e+03 6.9874721377e-01
6.3357000000e+03 6.9875131460e-01
6.3357250000e+03 6.9875555694e-01
6.3357500000e+03 6.9875993502e-01
6.3357750000e+03 6.9876443105e-01
6.3358000000e+03 6.9876902080e-01
6.3358250000e+03 6.9877369039e-01
6.3358500000e+03 6.9877844457e-01
6.3358750000e+03 6.9878329884e-01
6.3359000000e+03 6.9878826876e-01
6.3359250000e+03 6.9879336489e-01
6.3359500000e+03 6.9879859085e-01
6.3359750000e+03 6.9880394707e-01
6.3360000000e+03 6.9880943355e-01
6.3360250000e+03 6.9881505059e-01
6.3360500000e+03 6.9882079915e-01
6.3360750000e+03 6.9882667983e-01
6.3361000000e+03 6.9883269422e-01
6.3361250000e+03 6.9883884311e-01
6.3361500000e+03 6.9884512693e-01
6.3361750000e+03 6.9885154674e-01
6.3362000000e+03 6.9885810320e-01
6.3362250000e+03 6.9886479530e-01
6.3362500000e+03 6.9887162239e-01
6.3362750000e+03 6.9887858468e-01
6.3363000000e+03 6.9888568330e-01
6.3363250000e+03 6.9889292050e-01
6.3363500000e+03 6.9890029720e-01
6.3363750000e+03 6.9890781417e-01
6.3364000000e+03 6.9891547342e-01
6.3364250000e+03 6.9892327606e-01
6.3364500000e+03 6.9893122324e-01
6.3364750000e+03 6.9893931660e-01
6.3365000000e+03 6.9894755646e-01
6.3365250000e+03 6.9895594314e-01
6.3365500000e+03 6.9896447900e-01
6.3365750000e+03 6.9897316540e-01
6.3366000000e+03 6.9898200446e-01
6.3366250000e+03 6.9899099949e-01
6.3366500000e+03 6.9900015399e-01
6.3366750000e+03 6.9900946862e-01
6.3367000000e+03 6.9901893862e-01
6.3367250000e+03 6.9902855335e-01
6.3367500000e+03 6.9903829971e-01
6.3367750000e+03 6.9904816969e-01
6.3368000000e+03 6.9905816447e-01
6.3368250000e+03 6.9906829254e-01
6.3368500000e+03 6.9907856530e-01
6.3368750000e+03 6.9908899240e-01
6.3369000000e+03 6.9909958019e-01
6.3369250000e+03 6.9911033201e-01
6.3369500000e+03 6.9912125091e-01
6.3369750000e+03 6.9913234042e-01
6.3370000000e+03 6.9914360306e-01
6.3370250000e+03 6.9915503966e-01
6.3370500000e+03 6.9916665063e-01
6.3370750000e+03 6.9917843688e-01
6.3371000000e+03 6.9919039875e-01
6.3371250000e+03 6.9920253846e-01
6.3371500000e+03 6.9921486103e-01
6.3371750000e+03 6.9922737327e-01
6.3372000000e+03 6.9924008275e-01
6.3372250000e+03 6.9925299415e-01
6.3372500000e+03 6.9926611027e-01
6.3372750000e+03 6.9927943388e-01
6.3373000000e+03 6.9929296701e-01
6.3373250000e+03 6.9930671263e-01
6.3373500000e+03 6.9932067696e-01
6.3373750000e+03 6.9933486745e-01
6.3374000000e+03 6.9934929433e-01
6.3374250000e+03 6.9936397001e-01
6.3374500000e+03 6.9937890743e-01
6.3374750000e+03 6.9939411913e-01
6.3375000000e+03 6.9940961777e-01
6.3375250000e+03 6.9942541342e-01
6.3375500000e+03 6.9944151450e-01
6.3375750000e+03 6.9945792559e-01
6.3376000000e+03 6.9947463934e-01
6.3376250000e+03 6.9949162345e-01
6.3376500000e+03 6.9950880087e-01
6.3376750000e+03 6.9952602557e-01
6.3377000000e+03 6.9954306262e-01
6.3377250000e+03 6.9955959194e-01
6.3377500000e+03 6.9957525300e-01
6.3377750000e+03 6.9958973642e-01
6.3378000000e+03 6.9960290591e-01
6.3378250000e+03 6.9961489705e-01
6.3378500000e+03 6.9962615934e-01
6.3378750000e+03 6.9963740742e-01
6.3379000000e+03 6.9964944778e-01
6.3379250000e+03 6.9966288008e-01
6.3379500000e+03 6.9967774028e-01
6.3379750000e+03 6.9969327316e-01
6.3380000000e+03 6.9970802158e-01
6.3380250000e+03 6.9972021570e-01
6.3380500000e+03 6.9972832951e-01
6.3380750000e+03 6.9973155816e-01
6.3381000000e+03 6.9973002648e-01
6.3381250000e+03 6.9972465777e-01
6.3381500000e+03 6.9971674883e-01
6.3381750000e+03 6.9970749847e-01
6.3382000000e+03 6.9969773772e-01
6.3382250000e+03 6.9968791452e-01
6.3382500000e+03 6.9967822539e-01
6.3382750000e+03 6.9966875161e-01
6.3383000000e+03 6.9965953457e-01
6.3383250000e+03 6.9965059211e-01
6.3383500000e+03 6.9964190937e-01
6.3383750000e+03 6.9963342568e-01
6.3384000000e+03 6.9962504061e-01
6.3384250000e+03 6.9961665811e-01
6.3384500000e+03 6.9960823690e-01
6.3384750000e+03 6.9959979831e-01
6.3385000000e+03 6.9959139565e-01
6.3385250000e+03 6.9958307847e-01
6.3385500000e+03 6.9957487620e-01
6.3385750000e+03 6.9956680167e-01
6.3386000000e+03 6.9955885845e-01
6.3386250000e+03 6.9955104502e-01
6.3386500000e+03 6.9954335804e-01
6.3386750000e+03 6.9953579291e-01
6.3387000000e+03 6.9952834546e-01
6.3387250000e+03 6.9952101247e-01
6.3387500000e+03 6.9951379079e-01
6.3387750000e+03 6.9950667792e-01
6.3388000000e+03 6.9949967183e-01
6.3388250000e+03 6.9949276993e-01
6.3388500000e+03 6.9948596970e-01
6.3388750000e+03 6.9947926849e-01
6.3389000000e+03 6.9947265898e-01
6.3389250000e+03 6.9946611908e-01
6.3389500000e+03 6.9945959919e-01
6.3389750000e+03 6.9945301995e-01
6.3390000000e+03 6.9944630721e-01
6.3390250000e+03 6.9943945238e-01
6.3390500000e+03 6.9943253374e-01
6.3390750000e+03 6.9942566587e-01
6.3391000000e+03 6.9941892920e-01
6.3391250000e+03 6.9941234497e-01
6.3391500000e+03 6.9940589686e-01
6.3391750000e+03 6.9939955901e-01
6.3392000000e+03 6.9939331140e-01
6.3392250000e+03 6.9938714706e-01
6.3392500000e+03 6.9938107742e-01
6.3392750000e+03 6.9937513360e-01
6.3393000000e+03 6.9936935686e-01
6.3393250000e+03 6.9936378036e-01
6.3393500000e+03 6.9935841558e-01
6.3393750000e+03 6.9935324912e-01
6.3394000000e+03 6.9934825205e-01
6.3394250000e+03 6.9934339209e-01
6.3394500000e+03 6.9933864459e-01
6.3394750000e+03 6.9933399731e-01
6.3395000000e+03 6.9932944410e-01
6.3395250000e+03 6.9932498362e-01
6.3395500000e+03 6.9932061690e-01
6.3395750000e+03 6.9931634485e-01
6.3396000000e+03 6.9931216828e-01
6.3396250000e+03 6.9930808638e-01
6.3396500000e+03 6.9930409798e-01
6.3396750000e+03 6.9930020255e-01
6.3397000000e+03 6.9929640007e-01
6.3397250000e+03 6.9929269078e-01
6.3397500000e+03 6.9928907566e-01
6.3397750000e+03 6.9928555524e-01
6.3398000000e+03 6.9928213048e-01
6.3398250000e+03 6.9927880368e-01
6.3398500000e+03 6.9927557587e-01
6.3398750000e+03 6.9927244634e-01
6.3399000000e+03 6.9926941271e-01
6.3399250000e+03 6.9926646961e-01
6.3399500000e+03 6.9926360567e-01
6.3399750000e+03 6.9926080552e-01
6.3400000000e+03 6.9925805347e-01
6.3400250000e+03 6.9925533603e-01
6.3400500000e+03 6.9925264426e-01
6.3400750000e+03 6.9924997410e-01
6.3401000000e+03 6.9924732732e-01
6.3401250000e+03 6.9924471113e-01
6.3401500000e+03 6.9924213523e-01
6.3401750000e+03 6.9923960931e-01
6.3402000000e+03 6.9923714190e-01
6.3402250000e+03 6.9923473992e-01
6.3402500000e+03 6.9923240787e-01
6.3402750000e+03 6.9923014907e-01
6.3403000000e+03 6.9922796596e-01
6.3403250000e+03 6.9922585943e-01
6.3403500000e+03 6.9922382967e-01
6.3403750000e+03 6.9922187765e-01
6.3404000000e+03 6.9922000369e-01
6.3404250000e+03 6.9921820768e-01
6.3404500000e+03 6.9921649055e-01
6.3404750000e+03 6.9921485343e-01
6.3405000000e+03 6.9921329634e-01
6.3405250000e+03 6.9921181984e-01
6.3405500000e+03 6.9921042607e-01
6.3405750000e+03 6.9920911826e-01
6.3406000000e+03 6.9920790119e-01
6.3406250000e+03 6.9920678094e-01
6.3406500000e+03 6.9920575964e-01
6.3406750000e+03 6.9920482600e-01
6.3407000000e+03 6.9920394940e-01
6.3407250000e+03 6.9920309016e-01
6.3407500000e+03 6.9920222450e-01
6.3407750000e+03 6.9920135756e-01
6.3408000000e+03 6.9920051354e-01
6.3408250000e+03 6.9919971810e-01
6.3408500000e+03 6.9919898662e-01
6.3408750000e+03 6.9919832498e-01
6.3409000000e+03 6.9919773502e-01
6.3409250000e+03 6.9919721659e-01
6.3409500000e+03 6.9919676918e-01
6.3409750000e+03 6.9919639361e-01
6.3410000000e+03 6.9919608948e-01
6.3410250000e+03 6.9919585634e-01
6.3410500000e+03 6.9919569476e-01
6.3410750000e+03 6.9919560495e-01
6.3411000000e+03 6.9919558701e-01
6.3411250000e+03 6.9919564107e-01
6.3411500000e+03 6.9919576710e-01
6.3411750000e+03 6.9919596433e-01
6.3412000000e+03 6.9919623252e-01
6.3412250000e+03 6.9919657219e-01
6.3412500000e+03 6.9919698358e-01
6.3412750000e+03 6.9919746682e-01
6.3413000000e+03 6.9919802214e-01
6.3413250000e+03 6.9919864920e-01
6.3413500000e+03 6.9919934746e-01
6.3413750000e+03 6.9920011710e-01
6.3414000000e+03 6.9920095845e-01
6.3414250000e+03 6.9920187212e-01
6.3414500000e+03 6.9920285777e-01
6.3414750000e+03 6.9920391520e-01
6.3415000000e+03 6.9920504498e-01
6.3415250000e+03 6.9920624784e-01
6.3415500000e+03 6.9920752437e-01
6.3415750000e+03 6.9920887491e-01
6.3416000000e+03 6.9921030062e-01
6.3416250000e+03 6.9921180254e-01
6.3416500000e+03 6.9921338026e-01
6.3416750000e+03 6.9921502993e-01
6.3417000000e+03 6.9921674416e-01
6.3417250000e+03 6.9921851611e-01
6.3417500000e+03 6.9922034263e-01
6.3417750000e+03 6.9922222551e-01
6.3418000000e+03 6.9922417044e-01
6.3418250000e+03 6.9922618270e-01
6.3418500000e+03 6.9922826477e-01
6.3418750000e+03 6.9923041754e-01
6.3419000000e+03 6.9923264186e-01
6.3419250000e+03 6.9923493752e-01
6.3419500000e+03 6.9923730441e-01
6.3419750000e+03 6.9923974241e-01
6.3420000000e+03 6.9924225144e-01
6.3420250000e+03 6.9924483211e-01
6.3420500000e+03 6.9924748398e-01
6.3420750000e+03 6.9925020727e-01
6.3421000000e+03 6.9925300193e-01
6.3421250000e+03 6.9925586799e-01
6.3421500000e+03 6.9925880536e-01
6.3421750000e+03 6.9926181362e-01
6.3422000000e+03 6.9926489194e-01
6.3422250000e+03 6.9926803796e-01
6.3422500000e+03 6.9927125010e-01
6.3422750000e+03 6.9927452758e-01
6.3423000000e+03 6.9927787177e-01
6.3423250000e+03 6.9928128477e-01
6.3423500000e+03 6.9928476481e-01
6.3423750000e+03 6.9928830154e-01
6.3424000000e+03 6.9929187232e-01
6.3424250000e+03 6.9929544667e-01
6.3424500000e+03 6.9929900373e-01
6.3424750000e+03 6.9930255045e-01
6.3425000000e+03 6.9930612205e-01
6.3425250000e+03 6.9930976147e-01
6.3425500000e+03 6.9931349625e-01
6.3425750000e+03 6.9931733196e-01
6.3426000000e+03 6.9932125834e-01
6.3426250000e+03 6.9932525596e-01
6.3426500000e+03 6.9932930012e-01
6.3426750000e+03 6.9933337137e-01
6.3427000000e+03 6.9933747022e-01
6.3427250000e+03 6.9934161680e-01
6.3427500000e+03 6.9934583757e-01
6.3427750000e+03 6.9935015017e-01
6.3428000000e+03 6.9935455698e-01
6.3428250000e+03 6.9935905276e-01
6.3428500000e+03 6.9936363083e-01
6.3428750000e+03 6.9936828543e-01
6.3429000000e+03 6.9937301328e-01
6.3429250000e+03 6.9937781305e-01
6.3429500000e+03 6.9938268528e-01
6.3429750000e+03 6.9938763124e-01
6.3430000000e+03 6.9939265245e-01
6.3430250000e+03 6.9939774940e-01
6.3430500000e+03 6.9940292181e-01
6.3430750000e+03 6.9940816894e-01
6.3431000000e+03 6.9941348857e-01
6.3431250000e+03 6.9941887697e-01
6.3431500000e+03 6.9942432970e-01
6.3431750000e+03 6.9942984352e-01
6.3432000000e+03 6.9943541918e-01
6.3432250000e+03 6.9944106204e-01
6.3432500000e+03 6.9944677868e-01
6.3432750000e+03 6.9945257083e-01
6.3433000000e+03 6.9945843684e-01
6.3433250000e+03 6.9946437416e-01
6.3433500000e+03 6.9947038033e-01
6.3433750000e+03 6.9947645250e-01
6.3434000000e+03 6.9948258603e-01
6.3434250000e+03 6.9948877563e-01
6.3434500000e+03 6.9949501347e-01
6.3434750000e+03 6.9950128943e-01
6.3435000000e+03 6.9950759460e-01
6.3435250000e+03 6.9951391991e-01
6.3435500000e+03 6.9952025842e-01
6.3435750000e+03 6.9952660113e-01
6.3436000000e+03 6.9953293430e-01
6.3436250000e+03 6.9953924026e-01
6.3436500000e+03 6.9954549454e-01
6.3436750000e+03 6.9955166337e-01
6.3437000000e+03 6.9955770572e-01
6.3437250000e+03 6.9956356964e-01
6.3437500000e+03 6.9956918837e-01
6.3437750000e+03 6.9957446033e-01
6.3438000000e+03 6.9957925771e-01
6.3438250000e+03 6.9958338788e-01
6.3438500000e+03 6.9958648907e-01
6.3438750000e+03 6.9958804927e-01
6.3439000000e+03 6.9958750767e-01
6.3439250000e+03 6.9958436883e-01
6.3439500000e+03 6.9957829403e-01
6.3439750000e+03 6.9956917028e-01
6.3440000000e+03 6.9955720831e-01
6.3440250000e+03 6.9954286753e-01
6.3440500000e+03 6.9952673737e-01
6.3440750000e+03 6.9950928240e-01
6.3441000000e+03 6.9949058545e-01
6.3441250000e+03 6.9947033450e-01
6.3441500000e+03 6.9944790286e-01
6.3441750000e+03 6.9942248905e-01
6.3442000000e+03 6.9939328260e-01
6.3442250000e+03 6.9935953374e-01
6.3442500000e+03 6.9932039381e-01
6.3442750000e+03 6.9927488267e-01
6.3443000000e+03 6.9922228452e-01
6.3443250000e+03 6.9916256397e-01
6.3443500000e+03 6.9909632703e-01
6.3443750000e+03 6.9902450270e-01
6.3444000000e+03 6.9894823296e-01
6.3444250000e+03 6.9886902895e-01
6.3444500000e+03 6.9878891778e-01
6.3444750000e+03 6.9871009089e-01
6.3445000000e+03 6.9863408467e-01
6.3445250000e+03 6.9856137479e-01
6.3445500000e+03 6.9849171760e-01
6.3445750000e+03 6.9842464868e-01
6.3446000000e+03 6.9835974336e-01
6.3446250000e+03 6.9829668268e-01
6.3446500000e+03 6.9823524498e-01
6.3446750000e+03 6.9817527871e-01
6.3447000000e+03 6.9811667532e-01
6.3447250000e+03 6.9805935381e-01
6.3447500000e+03 6.9800325624e-01
6.3447750000e+03 6.9794833407e-01
6.3448000000e+03 6.9789453350e-01
6.3448250000e+03 6.9784178323e-01
6.3448500000e+03 6.9779000194e-01
6.3448750000e+03 6.9773912000e-01
6.3449000000e+03 6.9768909325e-01
6.3449250000e+03 6.9763989457e-01
6.3449500000e+03 6.9759150545e-01
6.3449750000e+03 6.9754390903e-01
6.3450000000e+03 6.9749708865e-01
6.3450250000e+03 6.9745102683e-01
6.3450500000e+03 6.9740570693e-01
6.3450750000e+03 6.9736111394e-01
6.3451000000e+03 6.9731723372e-01
6.3451250000e+03 6.9727405380e-01
6.3451500000e+03 6.9723156439e-01
6.3451750000e+03 6.9718975714e-01
6.3452000000e+03 6.9714862610e-01
6.3452250000e+03 6.9710816768e-01
6.3452500000e+03 6.9706838328e-01
6.3452750000e+03 6.9702927211e-01
6.3453000000e+03 6.9699081641e-01
6.3453250000e+03 6.9695295859e-01
6.3453500000e+03 6.9691559454e-01
6.3453750000e+03 6.9687861396e-01
6.3454000000e+03 6.9684196327e-01
6.3454250000e+03 6.9680567326e-01
6.3454500000e+03 6.9676982183e-01
6.3454750000e+03 6.9673447739e-01
6.3455000000e+03 6.9669967455e-01
6.3455250000e+03 6.9666542174e-01
6.3455500000e+03 6.9663171713e-01
6.3455750000e+03 6.9659855657e-01
6.3456000000e+03 6.9656593500e-01
6.3456250000e+03 6.9653384712e-01
6.3456500000e+03 6.9650228607e-01
6.3456750000e+03 6.9647124460e-01
6.3457000000e+03 6.9644071521e-01
6.3457250000e+03 6.9641069236e-01
6.3457500000e+03 6.9638117300e-01
6.3457750000e+03 6.9635215532e-01
6.3458000000e+03 6.9632363667e-01
6.3458250000e+03 6.9629561568e-01
6.3458500000e+03 6.9626809006e-01
6.3458750000e+03 6.9624105626e-01
6.3459000000e+03 6.9621451001e-01
6.3459250000e+03 6.9618844217e-01
6.3459500000e+03 6.9616283228e-01
6.3459750000e+03 6.9613764422e-01
6.3460000000e+03 6.9611283591e-01
6.3460250000e+03 6.9608838894e-01
6.3460500000e+03 6.9606432819e-01
6.3460750000e+03 6.9604070814e-01
6.3461000000e+03 6.9601757749e-01
6.3461250000e+03 6.9599495671e-01
6.3461500000e+03 6.9597284281e-01
6.3461750000e+03 6.9595122521e-01
6.3462000000e+03 6.9593009435e-01
6.3462250000e+03 6.9590944370e-01
6.3462500000e+03 6.9588926836e-01
6.3462750000e+03 6.9586956492e-01
6.3463000000e+03 6.9585033067e-01
6.3463250000e+03 6.9583156322e-01
6.3463500000e+03 6.9581326022e-01
6.3463750000e+03 6.9579541890e-01
6.3464000000e+03 6.9577803792e-01
6.3464250000e+03 6.9576111659e-01
6.3464500000e+03 6.9574465278e-01
6.3464750000e+03 6.9572864510e-01
6.3465000000e+03 6.9571309312e-01
6.3465250000e+03 6.9569799493e-01
6.3465500000e+03 6.9568334825e-01
6.3465750000e+03 6.9566915165e-01
6.3466000000e+03 6.9565540487e-01
6.3466250000e+03 6.9564210726e-01
6.3466500000e+03 6.9562925729e-01
6.3466750000e+03 6.9561685370e-01
6.3467000000e+03 6.9560489464e-01
6.3467250000e+03 6.9559337689e-01
6.3467500000e+03 6.9558228817e-01
6.3467750000e+03 6.9557159566e-01
6.3468000000e+03 6.9556123877e-01
6.3468250000e+03 6.9555114544e-01
6.3468500000e+03 6.9554128017e-01
6.3468750000e+03 6.9553168273e-01
6.3469000000e+03 6.9552245202e-01
6.3469250000e+03 6.9551368116e-01
6.3469500000e+03 6.9550541559e-01
6.3469750000e+03 6.9549765753e-01
6.3470000000e+03 6.9549039225e-01
6.3470250000e+03 6.9548360490e-01
6.3470500000e+03 6.9547728581e-01
6.3470750000e+03 6.9547142846e-01
6.3471000000e+03 6.9546602841e-01
6.3471250000e+03 6.9546108368e-01
6.3471500000e+03 6.9545659116e-01
6.3471750000e+03 6.9545254795e-01
6.3472000000e+03 6.9544895278e-01
6.3472250000e+03 6.9544580440e-01
6.3472500000e+03 6.9544310133e-01
6.3472750000e+03 6.9544084357e-01
6.3473000000e+03 6.9543903105e-01
6.3473250000e+03 6.9543766286e-01
6.3473500000e+03 6.9543673868e-01
6.3473750000e+03 6.9543625689e-01
6.3474000000e+03 6.9543621689e-01
6.3474250000e+03 6.9543661843e-01
6.3474500000e+03 6.9543746152e-01
6.3474750000e+03 6.9543874689e-01
6.3475000000e+03 6.9544047462e-01
6.3475250000e+03 6.9544264419e-01
6.3475500000e+03 6.9544525458e-01
6.3475750000e+03 6.9544830571e-01
6.3476000000e+03 6.9545179778e-01
6.3476250000e+03 6.9545573088e-01
6.3476500000e+03 6.9546010465e-01
6.3476750000e+03 6.9546491753e-01
6.3477000000e+03 6.9547016699e-01
6.3477250000e+03 6.9547584989e-01
6.3477500000e+03 6.9548196293e-01
6.3477750000e+03 6.9548850077e-01
6.3478000000e+03 6.9549545079e-01
6.3478250000e+03 6.9550279297e-01
6.3478500000e+03 6.9551051491e-01
6.3478750000e+03 6.9551862502e-01
6.3479000000e+03 6.9552714783e-01
6.3479250000e+03 6.9553610463e-01
6.3479500000e+03 6.9554549837e-01
6.3479750000e+03 6.9555532139e-01
6.3480000000e+03 6.9556557153e-01
6.3480250000e+03 6.9557625669e-01
6.3480500000e+03 6.9558739007e-01
6.3480750000e+03 6.9559898162e-01
6.3481000000e+03 6.9561103637e-01
6.3481250000e+03 6.9562355402e-01
6.3481500000e+03 6.9563653250e-01
6.3481750000e+03 6.9564996954e-01
6.3482000000e+03 6.9566385769e-01
6.3482250000e+03 6.9567818228e-01
6.3482500000e+03 6.9569292681e-01
6.3482750000e+03 6.9570808594e-01
6.3483000000e+03 6.9572367251e-01
6.3483250000e+03 6.9573970966e-01
6.3483500000e+03 6.9575621817e-01
6.3483750000e+03 6.9577320952e-01
6.3484000000e+03 6.9579068493e-01
6.3484250000e+03 6.9580864072e-01
6.3484500000e+03 6.9582707638e-01
6.3484750000e+03 6.9584599184e-01
6.3485000000e+03 6.9586538764e-01
6.3485250000e+03 6.9588526486e-01
6.3485500000e+03 6.9590562510e-01
6.3485750000e+03 6.9592646999e-01
6.3486000000e+03 6.9594779956e-01
6.3486250000e+03 6.9596961459e-01
6.3486500000e+03 6.9599191623e-01
6.3486750000e+03 6.9601470748e-01
6.3487000000e+03 6.9603799184e-01
6.3487250000e+03 6.9606177266e-01
6.3487500000e+03 6.9608604797e-01
6.3487750000e+03 6.9611080474e-01
6.3488000000e+03 6.9613601738e-01
6.3488250000e+03 6.9616165664e-01
6.3488500000e+03 6.9618770857e-01
6.3488750000e+03 6.9621418609e-01
6.3489000000e+03 6.9624112190e-01
6.3489250000e+03 6.9626854876e-01
6.3489500000e+03 6.9629648774e-01
6.3489750000e+03 6.9632494773e-01
6.3490000000e+03 6.9635392332e-01
6.3490250000e+03 6.9638339113e-01
6.3490500000e+03 6.9641332177e-01
6.3490750000e+03 6.9644369990e-01
6.3491000000e+03 6.9647453206e-01
6.3491250000e+03 6.9650584257e-01
6.3491500000e+03 6.9653765878e-01
6.3491750000e+03 6.9656999999e-01
6.3492000000e+03 6.9660287815e-01
6.3492250000e+03 6.9663630012e-01
6.3492500000e+03 6.9667027005e-01
6.3492750000e+03 6.9670478918e-01
6.3493000000e+03 6.9673986062e-01
6.3493250000e+03 6.9677548886e-01
6.3493500000e+03 6.9681168003e-01
6.3493750000e+03 6.9684844197e-01
6.3494000000e+03 6.9688578142e-01
6.3494250000e+03 6.9692370641e-01
6.3494500000e+03 6.9696222528e-01
6.3494750000e+03 6.9700134545e-01
6.3495000000e+03 6.9704107247e-01
6.3495250000e+03 6.9708141020e-01
6.3495500000e+03 6.9712236193e-01
6.3495750000e+03 6.9716393421e-01
6.3496000000e+03 6.9720614006e-01
6.3496250000e+03 6.9724899614e-01
6.3496500000e+03 6.9729251881e-01
6.3496750000e+03 6.9733672376e-01
6.3497000000e+03 6.9738162591e-01
6.3497250000e+03 6.9742724049e-01
6.3497500000e+03 6.9747358375e-01
6.3497750000e+03 6.9752067356e-01
6.3498000000e+03 6.9756852911e-01
6.3498250000e+03 6.9761717089e-01
6.3498500000e+03 6.9766662158e-01
6.3498750000e+03 6.9771690643e-01
6.3499000000e+03 6.9776805268e-01
6.3499250000e+03 6.9782009110e-01
6.3499500000e+03 6.9787305513e-01
6.3499750000e+03 6.9792698235e-01
6.3500000000e+03 6.9798191585e-01
6.3500250000e+03 6.9803790305e-01
6.3500500000e+03 6.9809499748e-01
6.3500750000e+03 6.9815326111e-01
6.3501000000e+03 6.9821276759e-01
6.3501250000e+03 6.9827359970e-01
6.3501500000e+03 6.9833583840e-01
6.3501750000e+03 6.9839958798e-01
6.3502000000e+03 6.9846493164e-01
6.3502250000e+03 6.9853178382e-01
6.3502500000e+03 6.9859983896e-01
6.3502750000e+03 6.9866858739e-01
6.3503000000e+03 6.9873737675e-01
6.3503250000e+03 6.9880548366e-01
6.3503500000e+03 6.9887221802e-01
6.3503750000e+03 6.9893711050e-01
6.3504000000e+03 6.9899998336e-01
6.3504250000e+03 6.9906101271e-01
6.3504500000e+03 6.9912059370e-01
6.3504750000e+03 6.9917912997e-01
6.3505000000e+03 6.9923697588e-01
6.3505250000e+03 6.9929438990e-01
6.3505500000e+03 6.9935153202e-01
6.3505750000e+03 6.9940850766e-01
6.3506000000e+03 6.9946531450e-01
6.3506250000e+03 6.9952148903e-01
6.3506500000e+03 6.9957586455e-01
6.3506750000e+03 6.9962685555e-01
6.3507000000e+03 6.9967300153e-01
6.3507250000e+03 6.9971318507e-01
6.3507500000e+03 6.9974653544e-01
6.3507750000e+03 6.9977245553e-01
6.3508000000e+03 6.9979093893e-01
6.3508250000e+03 6.9980299037e-01
6.3508500000e+03 6.9981050265e-01
6.3508750000e+03 6.9981541517e-01
6.3509000000e+03 6.9981903345e-01
6.3509250000e+03 6.9982201184e-01
6.3509500000e+03 6.9982462637e-01
6.3509750000e+03 6.9982699056e-01
6.3510000000e+03 6.9982915667e-01
6.3510250000e+03 6.9983115323e-01
6.3510500000e+03 6.9983299864e-01
6.3510750000e+03 6.9983470824e-01
6.3511000000e+03 6.9983630123e-01
6.3511250000e+03 6.9983780809e-01
6.3511500000e+03 6.9983926807e-01
6.3511750000e+03 6.9984071418e-01
6.3512000000e+03 6.9984215803e-01
6.3512250000e+03 6.9984359040e-01
6.3512500000e+03 6.9984499528e-01
6.3512750000e+03 6.9984636347e-01
6.3513000000e+03 6.9984769255e-01
6.3513250000e+03 6.9984898199e-01
6.3513500000e+03 6.9985023300e-01
6.3513750000e+03 6.9985144705e-01
6.3514000000e+03 6.9985262458e-01
6.3514250000e+03 6.9985376715e-01
6.3514500000e+03 6.9985487682e-01
6.3514750000e+03 6.9985595634e-01
6.3515000000e+03 6.9985700999e-01
6.3515250000e+03 6.9985804438e-01
6.3515500000e+03 6.9985906631e-01
6.3515750000e+03 6.9986008203e-01
6.3516000000e+03 6.9986109786e-01
6.3516250000e+03 6.9986211985e-01
6.3516500000e+03 6.9986314715e-01
6.3516750000e+03 6.9986416831e-01
6.3517000000e+03 6.9986516019e-01
6.3517250000e+03 6.9986610220e-01
6.3517500000e+03 6.9986699094e-01
6.3517750000e+03 6.9986783754e-01
6.3518000000e+03 6.9986865970e-01
6.3518250000e+03 6.9986947087e-01
6.3518500000e+03 6.9987027761e-01
6.3518750000e+03 6.9987108283e-01
6.3519000000e+03 6.9987188710e-01
6.3519250000e+03 6.9987269108e-01
6.3519500000e+03 6.9987349577e-01
6.3519750000e+03 6.9987430224e-01
6.3520000000e+03 6.9987511193e-01
6.3520250000e+03 6.9987592569e-01
6.3520500000e+03 6.9987674451e-01
6.3520750000e+03 6.9987757002e-01
6.3521000000e+03 6.9987840309e-01
6.3521250000e+03 6.9987924422e-01
6.3521500000e+03 6.9988009423e-01
6.3521750000e+03 6.9988095461e-01
6.3522000000e+03 6.9988182871e-01
6.3522250000e+03 6.9988272029e-01
6.3522500000e+03 6.9988363554e-01
6.3522750000e+03 6.9988458295e-01
6.3523000000e+03 6.9988557041e-01
6.3523250000e+03 6.9988659502e-01
6.3523500000e+03 6.9988762803e-01
6.3523750000e+03 6.9988861555e-01
6.3524000000e+03 6.9988950456e-01
6.3524250000e+03 6.9989027674e-01
6.3524500000e+03 6.9989095637e-01
6.3524750000e+03 6.9989158493e-01
6.3525000000e+03 6.9989219332e-01
6.3525250000e+03 6.9989279718e-01
6.3525500000e+03 6.9989340214e-01
6.3525750000e+03 6.9989400828e-01
6.3526000000e+03 6.9989461532e-01
6.3526250000e+03 6.9989522055e-01
6.3526500000e+03 6.9989581978e-01
6.3526750000e+03 6.9989640726e-01
6.3527000000e+03 6.9989697536e-01
6.3527250000e+03 6.9989751633e-01
6.3527500000e+03 6.9989802423e-01
6.3527750000e+03 6.9989849895e-01
6.3528000000e+03 6.9989894573e-01
6.3528250000e+03 6.9989937371e-01
6.3528500000e+03 6.9989979567e-01
6.3528750000e+03 6.9990022449e-01
6.3529000000e+03 6.9990066964e-01
6.3529250000e+03 6.9990113752e-01
6.3529500000e+03 6.9990163268e-01
6.3529750000e+03 6.9990215746e-01
6.3530000000e+03 6.9990271414e-01
6.3530250000e+03 6.9990330524e-01
6.3530500000e+03 6.9990393540e-01
6.3530750000e+03 6.9990461232e-01
6.3531000000e+03 6.9990534890e-01
6.3531250000e+03 6.9990615798e-01
6.3531500000e+03 6.9990703431e-01
6.3531750000e+03 6.9990793132e-01
6.3532000000e+03 6.9990875622e-01
6.3532250000e+03 6.9990940754e-01
6.3532500000e+03 6.9990983980e-01
6.3532750000e+03 6.9991008569e-01
6.3533000000e+03 6.9991021847e-01
6.3533250000e+03 6.9991030428e-01
6.3533500000e+03 6.9991037971e-01
6.3533750000e+03 6.9991045794e-01
6.3534000000e+03 6.9991054098e-01
6.3534250000e+03 6.9991062842e-01
6.3534500000e+03 6.9991071760e-01
6.3534750000e+03 6.9991080602e-01
6.3535000000e+03 6.9991089095e-01
6.3535250000e+03 6.9991096586e-01
6.3535500000e+03 6.9991101617e-01
6.3535750000e+03 6.9991101356e-01
6.3536000000e+03 6.9991090485e-01
6.3536250000e+03 6.9991059614e-01
6.3536500000e+03 6.9990994139e-01
6.3536750000e+03 6.9990873887e-01
6.3537000000e+03 6.9990674904e-01
6.3537250000e+03 6.9990373871e-01
6.3537500000e+03 6.9989954001e-01
6.3537750000e+03 6.9989410804e-01
6.3538000000e+03 6.9988754884e-01
6.3538250000e+03 6.9988010616e-01
6.3538500000e+03 6.9987211010e-01
6.3538750000e+03 6.9986390334e-01
6.3539000000e+03 6.9985577628e-01
6.3539250000e+03 6.9984792757e-01
6.3539500000e+03 6.9984045703e-01
6.3539750000e+03 6.9983338790e-01
6.3540000000e+03 6.9982669571e-01
6.3540250000e+03 6.9982033840e-01
6.3540500000e+03 6.9981427129e-01
6.3540750000e+03 6.9980845410e-01
6.3541000000e+03 6.9980285455e-01
6.3541250000e+03 6.9979744566e-01
6.3541500000e+03 6.9979220498e-01
6.3541750000e+03 6.9978710746e-01
6.3542000000e+03 6.9978211766e-01
6.3542250000e+03 6.9977719704e-01
6.3542500000e+03 6.9977232301e-01
6.3542750000e+03 6.9976750123e-01
6.3543000000e+03 6.9976278918e-01
6.3543250000e+03 6.9975835882e-01
6.3543500000e+03 6.9975458226e-01
6.3543750000e+03 6.9975199345e-01
6.3544000000e+03 6.9975098896e-01
6.3544250000e+03 6.9975146101e-01
6.3544500000e+03 6.9975278227e-01
6.3544750000e+03 6.9975420587e-01
6.3545000000e+03 6.9975527442e-01
6.3545250000e+03 6.9975589150e-01
6.3545500000e+03 6.9975614502e-01
6.3545750000e+03 6.9975614721e-01
6.3546000000e+03 6.9975596586e-01
6.3546250000e+03 6.9975561634e-01
6.3546500000e+03 6.9975507781e-01
6.3546750000e+03 6.9975431132e-01
6.3547000000e+03 6.9975325827e-01
6.3547250000e+03 6.9975184006e-01
6.3547500000e+03 6.9974996264e-01
6.3547750000e+03 6.9974753428e-01
6.3548000000e+03 6.9974450017e-01
6.3548250000e+03 6.9974087269e-01
6.3548500000e+03 6.9973673746e-01
6.3548750000e+03 6.9973223754e-01
6.3549000000e+03 6.9972754424e-01
6.3549250000e+03 6.9972281742e-01
6.3549500000e+03 6.9971818009e-01
6.3549750000e+03 6.9971370824e-01
6.3550000000e+03 6.9970943197e-01
6.3550250000e+03 6.9970535257e-01
6.3550500000e+03 6.9970145456e-01
6.3550750000e+03 6.9969771224e-01
6.3551000000e+03 6.9969409763e-01
6.3551250000e+03 6.9969058367e-01
6.3551500000e+03 6.9968715118e-01
6.3551750000e+03 6.9968379191e-01
6.3552000000e+03 6.9968050406e-01
6.3552250000e+03 6.9967728894e-01
6.3552500000e+03 6.9967414669e-01
6.3552750000e+03 6.9967107725e-01
6.3553000000e+03 6.9966808055e-01
6.3553250000e+03 6.9966515432e-01
6.3553500000e+03 6.9966229694e-01
6.3553750000e+03 6.9965950607e-01
6.3554000000e+03 6.9965677644e-01
6.3554250000e+03 6.9965410183e-01
6.3554500000e+03 6.9965147616e-01
6.3554750000e+03 6.9964889292e-01
6.3555000000e+03 6.9964634687e-01
6.3555250000e+03 6.9964383615e-01
6.3555500000e+03 6.9964136177e-01
6.3555750000e+03 6.9963892668e-01
6.3556000000e+03 6.9963653400e-01
6.3556250000e+03 6.9963418654e-01
6.3556500000e+03 6.9963188471e-01
6.3556750000e+03 6.9962962909e-01
6.3557000000e+03 6.9962741939e-01
6.3557250000e+03 6.9962525534e-01
6.3557500000e+03 6.9962313720e-01
6.3557750000e+03 6.9962106413e-01
6.3558000000e+03 6.9961903578e-01
6.3558250000e+03 6.9961705149e-01
6.3558500000e+03 6.9961511169e-01
6.3558750000e+03 6.9961321649e-01
6.3559000000e+03 6.9961136522e-01
6.3559250000e+03 6.9960955764e-01
6.3559500000e+03 6.9960779328e-01
6.3559750000e+03 6.9960607158e-01
6.3560000000e+03 6.9960439222e-01
6.3560250000e+03 6.9960275494e-01
6.3560500000e+03 6.9960115948e-01
6.3560750000e+03 6.9959960565e-01
6.3561000000e+03 6.9959809328e-01
6.3561250000e+03 6.9959662219e-01
6.3561500000e+03 6.9959519221e-01
6.3561750000e+03 6.9959380309e-01
6.3562000000e+03 6.9959245451e-01
6.3562250000e+03 6.9959114634e-01
6.3562500000e+03 6.9958987840e-01
6.3562750000e+03 6.9958865051e-01
6.3563000000e+03 6.9958746248e-01
6.3563250000e+03 6.9958631417e-01
6.3563500000e+03 6.9958520548e-01
6.3563750000e+03 6.9958413623e-01
6.3564000000e+03 6.9958310639e-01
6.3564250000e+03 6.9958211476e-01
6.3564500000e+03 6.9958115952e-01
6.3564750000e+03 6.9958023816e-01
6.3565000000e+03 6.9957934184e-01
6.3565250000e+03 6.9957845569e-01
6.3565500000e+03 6.9957756644e-01
6.3565750000e+03 6.9957667196e-01
6.3566000000e+03 6.9957578605e-01
6.3566250000e+03 6.9957493019e-01
6.3566500000e+03 6.9957412163e-01
6.3566750000e+03 6.9957336730e-01
6.3567000000e+03 6.9957266652e-01
6.3567250000e+03 6.9957201620e-01
6.3567500000e+03 6.9957141341e-01
6.3567750000e+03 6.9957085589e-01
6.3568000000e+03 6.9957034268e-01
6.3568250000e+03 6.9956987322e-01
6.3568500000e+03 6.9956944644e-01
6.3568750000e+03 6.9956906047e-01
6.3569000000e+03 6.9956871412e-01
6.3569250000e+03 6.9956840616e-01
6.3569500000e+03 6.9956813608e-01
6.3569750000e+03 6.9956790336e-01
6.3570000000e+03 6.9956770689e-01
6.3570250000e+03 6.9956754744e-01
6.3570500000e+03 6.9956742551e-01
6.3570750000e+03 6.9956734080e-01
6.3571000000e+03 6.9956729450e-01
6.3571250000e+03 6.9956728680e-01
6.3571500000e+03 6.9956731800e-01
6.3571750000e+03 6.9956738895e-01
6.3572000000e+03 6.9956749956e-01
6.3572250000e+03 6.9956764972e-01
6.3572500000e+03 6.9956783922e-01
6.3572750000e+03 6.9956806810e-01
6.3573000000e+03 6.9956833647e-01
6.3573250000e+03 6.9956864431e-01
6.3573500000e+03 6.9956899154e-01
6.3573750000e+03 6.9956937795e-01
6.3574000000e+03 6.9956980396e-01
6.3574250000e+03 6.9957026820e-01
6.3574500000e+03 6.9957077059e-01
6.3574750000e+03 6.9957131078e-01
6.3575000000e+03 6.9957188534e-01
6.3575250000e+03 6.9957249081e-01
6.3575500000e+03 6.9957312221e-01
6.3575750000e+03 6.9957377424e-01
6.3576000000e+03 6.9957444317e-01
6.3576250000e+03 6.9957512802e-01
6.3576500000e+03 6.9957583167e-01
6.3576750000e+03 6.9957656000e-01
6.3577000000e+03 6.9957732028e-01
6.3577250000e+03 6.9957811942e-01
6.3577500000e+03 6.9957896191e-01
6.3577750000e+03 6.9957984882e-01
6.3578000000e+03 6.9958077838e-01
6.3578250000e+03 6.9958174727e-01
6.3578500000e+03 6.9958275258e-01
6.3578750000e+03 6.9958379064e-01
6.3579000000e+03 6.9958486016e-01
6.3579250000e+03 6.9958596202e-01
6.3579500000e+03 6.9958709722e-01
6.3579750000e+03 6.9958826679e-01
6.3580000000e+03 6.9958947382e-01
6.3580250000e+03 6.9959072000e-01
6.3580500000e+03 6.9959200710e-01
6.3580750000e+03 6.9959333543e-01
6.3581000000e+03 6.9959470502e-01
6.3581250000e+03 6.9959611664e-01
6.3581500000e+03 6.9959756955e-01
6.3581750000e+03 6.9959906428e-01
6.3582000000e+03 6.9960060171e-01
6.3582250000e+03 6.9960218184e-01
6.3582500000e+03 6.9960380481e-01
6.3582750000e+03 6.9960547064e-01
6.3583000000e+03 6.9960717924e-01
6.3583250000e+03 6.9960893102e-01
6.3583500000e+03 6.9961072561e-01
6.3583750000e+03 6.9961256246e-01
6.3584000000e+03 6.9961444216e-01
6.3584250000e+03 6.9961636346e-01
6.3584500000e+03 6.9961832534e-01
6.3584750000e+03 6.9962032639e-01
6.3585000000e+03 6.9962236596e-01
6.3585250000e+03 6.9962444334e-01
6.3585500000e+03 6.9962655469e-01
6.3585750000e+03 6.9962868776e-01
6.3586000000e+03 6.9963082316e-01
6.3586250000e+03 6.9963294575e-01
6.3586500000e+03 6.9963505892e-01
6.3586750000e+03 6.9963718768e-01
6.3587000000e+03 6.9963936286e-01
6.3587250000e+03 6.9964160237e-01
6.3587500000e+03 6.9964391084e-01
6.3587750000e+03 6.9964628604e-01
6.3588000000e+03 6.9964872341e-01
6.3588250000e+03 6.9965122105e-01
6.3588500000e+03 6.9965377847e-01
6.3588750000e+03 6.9965639445e-01
6.3589000000e+03 6.9965906894e-01
6.3589250000e+03 6.9966180382e-01
6.3589500000e+03 6.9966459955e-01
6.3589750000e+03 6.9966745807e-01
6.3590000000e+03 6.9967038086e-01
6.3590250000e+03 6.9967336758e-01
6.3590500000e+03 6.9967641617e-01
6.3590750000e+03 6.9967952077e-01
6.3591000000e+03 6.9968267212e-01
6.3591250000e+03 6.9968585902e-01
6.3591500000e+03 6.9968907117e-01
6.3591750000e+03 6.9969230079e-01
6.3592000000e+03 6.9969554479e-01
6.3592250000e+03 6.9969880634e-01
6.3592500000e+03 6.9970209236e-01
6.3592750000e+03 6.9970541056e-01
6.3593000000e+03 6.9970876921e-01
6.3593250000e+03 6.9971217575e-01
6.3593500000e+03 6.9971563491e-01
6.3593750000e+03 6.9971915148e-01
6.3594000000e+03 6.9972272880e-01
6.3594250000e+03 6.9972637105e-01
6.3594500000e+03 6.9973008160e-01
6.3594750000e+03 6.9973386341e-01
6.3595000000e+03 6.9973772000e-01
6.3595250000e+03 6.9974165359e-01
6.3595500000e+03 6.9974566614e-01
6.3595750000e+03 6.9974976173e-01
6.3596000000e+03 6.9975394898e-01
6.3596250000e+03 6.9975825336e-01
6.3596500000e+03 6.9976273241e-01
6.3596750000e+03 6.9976748479e-01
6.3597000000e+03 6.9977261086e-01
6.3597250000e+03 6.9977813922e-01
6.3597500000e+03 6.9978398759e-01
6.3597750000e+03 6.9979001722e-01
6.3598000000e+03 6.9979612501e-01
6.3598250000e+03 6.9980228158e-01
6.3598500000e+03 6.9980851279e-01
6.3598750000e+03 6.9981486571e-01
6.3599000000e+03 6.9982139011e-01
6.3599250000e+03 6.9982813650e-01
6.3599500000e+03 6.9983515780e-01
6.3599750000e+03 6.9984250867e-01
6.3600000000e+03 6.9985023854e-01
6.3600250000e+03 6.9985837358e-01
6.3600500000e+03 6.9986688248e-01
6.3600750000e+03 6.9987562707e-01
6.3601000000e+03 6.9988432619e-01
6.3601250000e+03 6.9989258422e-01
6.3601500000e+03 6.9989999057e-01
6.3601750000e+03 6.9990623503e-01
6.3602000000e+03 6.9991117384e-01
6.3602250000e+03 6.9991483271e-01
6.3602500000e+03 6.9991736971e-01
6.3602750000e+03 6.9991901676e-01
6.3603000000e+03 6.9992002023e-01
6.3603250000e+03 6.9992059205e-01
6.3603500000e+03 6.9992088977e-01
6.3603750000e+03 6.9992101394e-01
6.3604000000e+03 6.9992102139e-01
6.3604250000e+03 6.9992094137e-01
6.3604500000e+03 6.9992078409e-01
6.3604750000e+03 6.9992055185e-01
6.3605000000e+03 6.9992024091e-01
6.3605250000e+03 6.9991984014e-01
6.3605500000e+03 6.9991933405e-01
6.3605750000e+03 6.9991870157e-01
6.3606000000e+03 6.9991791169e-01
6.3606250000e+03 6.9991691358e-01
6.3606500000e+03 6.9991562058e-01
6.3606750000e+03 6.9991391011e-01
6.3607000000e+03 6.9991168840e-01
6.3607250000e+03 6.9990906087e-01
6.3607500000e+03 6.9990650573e-01
6.3607750000e+03 6.9990478938e-01
6.3608000000e+03 6.9990454176e-01
6.3608250000e+03 6.9990586563e-01
6.3608500000e+03 6.9990836784e-01
6.3608750000e+03 6.9991152483e-01
6.3609000000e+03 6.9991497769e-01
6.3609250000e+03 6.9991856803e-01
6.3609500000e+03 6.9992225946e-01
6.3609750000e+03 6.9992606411e-01
6.3610000000e+03 6.9993000711e-01
6.3610250000e+03 6.9993411253e-01
6.3610500000e+03 6.9993839347e-01
6.3610750000e+03 6.9994283619e-01
6.3611000000e+03 6.9994738700e-01
6.3611250000e+03 6.9995194456e-01
6.3611500000e+03 6.9995636307e-01
6.3611750000e+03 6.9996047466e-01
6.3612000000e+03 6.9996412501e-01
6.3612250000e+03 6.9996720816e-01
6.3612500000e+03 6.9996968575e-01
6.3612750000e+03 6.9997159143e-01
6.3613000000e+03 6.9997300210e-01
6.3613250000e+03 6.9997400185e-01
6.3613500000e+03 6.9997466209e-01
6.3613750000e+03 6.9997504208e-01
6.3614000000e+03 6.9997520909e-01
6.3614250000e+03 6.9997523957e-01
6.3614500000e+03 6.9997519667e-01
6.3614750000e+03 6.9997511748e-01
6.3615000000e+03 6.9997502487e-01
6.3615250000e+03 6.9997493727e-01
6.3615500000e+03 6.9997486971e-01
6.3615750000e+03 6.9997482551e-01
6.3616000000e+03 6.9997480145e-01
6.3616250000e+03 6.9997479261e-01
6.3616500000e+03 6.9997479387e-01
6.3616750000e+03 6.9997480381e-01
6.3617000000e+03 6.9997482071e-01
6.3617250000e+03 6.9997484364e-01
6.3617500000e+03 6.9997487193e-01
6.3617750000e+03 6.9997490437e-01
6.3618000000e+03 6.9997493990e-01
6.3618250000e+03 6.9997497830e-01
6.3618500000e+03 6.9997501978e-01
6.3618750000e+03 6.9997506357e-01
6.3619000000e+03 6.9997510942e-01
6.3619250000e+03 6.9997515567e-01
6.3619500000e+03 6.9997520085e-01
6.3619750000e+03 6.9997524376e-01
6.3620000000e+03 6.9997528179e-01
6.3620250000e+03 6.9997531246e-01
6.3620500000e+03 6.9997533464e-01
6.3620750000e+03 6.9997534874e-01
6.3621000000e+03 6.9997535609e-01
6.3621250000e+03 6.9997535769e-01
6.3621500000e+03 6.9997535321e-01
6.3621750000e+03 6.9997533980e-01
6.3622000000e+03 6.9997531227e-01
6.3622250000e+03 6.9997526831e-01
6.3622500000e+03 6.9997520825e-01
6.3622750000e+03 6.9997513491e-01
6.3623000000e+03 6.9997505137e-01
6.3623250000e+03 6.9997495989e-01
6.3623500000e+03 6.9997486092e-01
6.3623750000e+03 6.9997475668e-01
6.3624000000e+03 6.9997465211e-01
6.3624250000e+03 6.9997455148e-01
6.3624500000e+03 6.9997445551e-01
6.3624750000e+03 6.9997435528e-01
6.3625000000e+03 6.9997422788e-01
6.3625250000e+03 6.9997403447e-01
6.3625500000e+03 6.9997373896e-01
6.3625750000e+03 6.9997333717e-01
6.3626000000e+03 6.9997286632e-01
6.3626250000e+03 6.9997238305e-01
6.3626500000e+03 6.9997192875e-01
6.3626750000e+03 6.9997151676e-01
6.3627000000e+03 6.9997114322e-01
6.3627250000e+03 6.9997080044e-01
6.3627500000e+03 6.9997048283e-01
6.3627750000e+03 6.9997018721e-01
6.3628000000e+03 6.9996991262e-01
6.3628250000e+03 6.9996965938e-01
6.3628500000e+03 6.9996942874e-01
6.3628750000e+03 6.9996921953e-01
6.3629000000e+03 6.9996902128e-01
6.3629250000e+03 6.9996881392e-01
6.3629500000e+03 6.9996857507e-01
6.3629750000e+03 6.9996829320e-01
6.3630000000e+03 6.9996797146e-01
6.3630250000e+03 6.9996762255e-01
6.3630500000e+03 6.9996725966e-01
6.3630750000e+03 6.9996688962e-01
6.3631000000e+03 6.9996651635e-01
6.3631250000e+03 6.9996614035e-01
6.3631500000e+03 6.9996576084e-01
6.3631750000e+03 6.9996537696e-01
6.3632000000e+03 6.9996498934e-01
6.3632250000e+03 6.9996459883e-01
6.3632500000e+03 6.9996420836e-01
6.3632750000e+03 6.9996382109e-01
6.3633000000e+03 6.9996343822e-01
6.3633250000e+03 6.9996306057e-01
6.3633500000e+03 6.9996268907e-01
6.3633750000e+03 6.9996232312e-01
6.3634000000e+03 6.9996196158e-01
6.3634250000e+03 6.9996160497e-01
6.3634500000e+03 6.9996125297e-01
6.3634750000e+03 6.9996090519e-01
6.3635000000e+03 6.9996056170e-01
6.3635250000e+03 6.9996022207e-01
6.3635500000e+03 6.9995988621e-01
6.3635750000e+03 6.9995955419e-01
6.3636000000e+03 6.9995922583e-01
6.3636250000e+03 6.9995890107e-01
6.3636500000e+03 6.9995858005e-01
6.3636750000e+03 6.9995826282e-01
6.3637000000e+03 6.9995794962e-01
6.3637250000e+03 6.9995764085e-01
6.3637500000e+03 6.9995733668e-01
6.3637750000e+03 6.9995703840e-01
6.3638000000e+03 6.9995674644e-01
6.3638250000e+03 6.9995646175e-01
6.3638500000e+03 6.9995618466e-01
6.3638750000e+03 6.9995591399e-01
6.3639000000e+03 6.9995564502e-01
6.3639250000e+03 6.9995537159e-01
6.3639500000e+03 6.9995508406e-01
6.3639750000e+03 6.9995477036e-01
6.3640000000e+03 6.9995441930e-01
6.3640250000e+03 6.9995402455e-01
6.3640500000e+03 6.9995358479e-01
6.3640750000e+03 6.9995310551e-01
6.3641000000e+03 6.9995259643e-01
6.3641250000e+03 6.9995207000e-01
6.3641500000e+03 6.9995153671e-01
6.3641750000e+03 6.9995100333e-01
6.3642000000e+03 6.9995047345e-01
6.3642250000e+03 6.9994994941e-01
6.3642500000e+03 6.9994943094e-01
6.3642750000e+03 6.9994891769e-01
6.3643000000e+03 6.9994840909e-01
6.3643250000e+03 6.9994790413e-01
6.3643500000e+03 6.9994740174e-01
6.3643750000e+03 6.9994690195e-01
6.3644000000e+03 6.9994640521e-01
6.3644250000e+03 6.9994591231e-01
6.3644500000e+03 6.9994542295e-01
6.3644750000e+03 6.9994493669e-01
6.3645000000e+03 6.9994445380e-01
6.3645250000e+03 6.9994397777e-01
6.3645500000e+03 6.9994351815e-01
6.3645750000e+03 6.9994310293e-01
6.3646000000e+03 6.9994278871e-01
6.3646250000e+03 6.9994264831e-01
6.3646500000e+03 6.9994272703e-01
6.3646750000e+03 6.9994299642e-01
6.3647000000e+03 6.9994336251e-01
6.3647250000e+03 6.9994372472e-01
6.3647500000e+03 6.9994402507e-01
6.3647750000e+03 6.9994425267e-01
6.3648000000e+03 6.9994441919e-01
6.3648250000e+03 6.9994454117e-01
6.3648500000e+03 6.9994463313e-01
6.3648750000e+03 6.9994470687e-01
6.3649000000e+03 6.9994477061e-01
6.3649250000e+03 6.9994483155e-01
6.3649500000e+03 6.9994488973e-01
6.3649750000e+03 6.9994492601e-01
6.3650000000e+03 6.9994489920e-01
6.3650250000e+03 6.9994475780e-01
6.3650500000e+03 6.9994446532e-01
6.3650750000e+03 6.9994402719e-01
6.3651000000e+03 6.9994348572e-01
6.3651250000e+03 6.9994289207e-01
6.3651500000e+03 6.9994227741e-01
6.3651750000e+03 6.9994164082e-01
6.3652000000e+03 6.9994096864e-01
6.3652250000e+03 6.9994025760e-01
6.3652500000e+03 6.9993952120e-01
6.3652750000e+03 6.9993878097e-01
6.3653000000e+03 6.9993805191e-01
6.3653250000e+03 6.9993733822e-01
6.3653500000e+03 6.9993663680e-01
6.3653750000e+03 6.9993594362e-01
6.3654000000e+03 6.9993525531e-01
6.3654250000e+03 6.9993456870e-01
6.3654500000e+03 6.9993388190e-01
6.3654750000e+03 6.9993319366e-01
6.3655000000e+03 6.9993250269e-01
6.3655250000e+03 6.9993180797e-01
6.3655500000e+03 6.9993110887e-01
6.3655750000e+03 6.9993040519e-01
6.3656000000e+03 6.9992969633e-01
6.3656250000e+03 6.9992898151e-01
6.3656500000e+03 6.9992825919e-01
6.3656750000e+03 6.9992752807e-01
6.3657000000e+03 6.9992678664e-01
6.3657250000e+03 6.9992603205e-01
6.3657500000e+03 6.9992526226e-01
6.3657750000e+03 6.9992447481e-01
6.3658000000e+03 6.9992366749e-01
6.3658250000e+03 6.9992283812e-01
6.3658500000e+03 6.9992198345e-01
6.3658750000e+03 6.9992110001e-01
6.3659000000e+03 6.9992018293e-01
6.3659250000e+03 6.9991922479e-01
6.3659500000e+03 6.9991821343e-01
6.3659750000e+03 6.9991712972e-01
6.3660000000e+03 6.9991595279e-01
6.3660250000e+03 6.9991467872e-01
6.3660500000e+03 6.9991335710e-01
6.3660750000e+03 6.9991210845e-01
6.3661000000e+03 6.9991107862e-01
6.3661250000e+03 6.9991034959e-01
6.3661500000e+03 6.9990989087e-01
6.3661750000e+03 6.9990960038e-01
6.3662000000e+03 6.9990937642e-01
6.3662250000e+03 6.9990915343e-01
6.3662500000e+03 6.9990890160e-01
6.3662750000e+03 6.9990861350e-01
6.3663000000e+03 6.9990829344e-01
6.3663250000e+03 6.9990794739e-01
6.3663500000e+03 6.9990757312e-01
6.3663750000e+03 6.9990716308e-01
6.3664000000e+03 6.9990671979e-01
6.3664250000e+03 6.9990627624e-01
6.3664500000e+03 6.9990589891e-01
6.3664750000e+03 6.9990565403e-01
6.3665000000e+03 6.9990556583e-01
6.3665250000e+03 6.9990560360e-01
6.3665500000e+03 6.9990571061e-01
6.3665750000e+03 6.9990584308e-01
6.3666000000e+03 6.9990598086e-01
6.3666250000e+03 6.9990612128e-01
6.3666500000e+03 6.9990626838e-01
6.3666750000e+03 6.9990642616e-01
6.3667000000e+03 6.9990659708e-01
6.3667250000e+03 6.9990678051e-01
6.3667500000e+03 6.9990697586e-01
6.3667750000e+03 6.9990718262e-01
6.3668000000e+03 6.9990739972e-01
6.3668250000e+03 6.9990762533e-01
6.3668500000e+03 6.9990785669e-01
6.3668750000e+03 6.9990809279e-01
6.3669000000e+03 6.9990833402e-01
6.3669250000e+03 6.9990858099e-01
6.3669500000e+03 6.9990883420e-01
6.3669750000e+03 6.9990909470e-01
6.3670000000e+03 6.9990936319e-01
6.3670250000e+03 6.9990963953e-01
6.3670500000e+03 6.9990992377e-01
6.3670750000e+03 6.9991021599e-01
6.3671000000e+03 6.9991051633e-01
6.3671250000e+03 6.9991082486e-01
6.3671500000e+03 6.9991114164e-01
6.3671750000e+03 6.9991146678e-01
6.3672000000e+03 6.9991180053e-01
6.3672250000e+03 6.9991214298e-01
6.3672500000e+03 6.9991249429e-01
6.3672750000e+03 6.9991285485e-01
6.3673000000e+03 6.9991322437e-01
6.3673250000e+03 6.9991360240e-01
6.3673500000e+03 6.9991398946e-01
6.3673750000e+03 6.9991438638e-01
6.3674000000e+03 6.9991479378e-01
6.3674250000e+03 6.9991521306e-01
6.3674500000e+03 6.9991564563e-01
6.3674750000e+03 6.9991609223e-01
6.3675000000e+03 6.9991655389e-01
6.3675250000e+03 6.9991703225e-01
6.3675500000e+03 6.9991752931e-01
6.3675750000e+03 6.9991804781e-01
6.3676000000e+03 6.9991859244e-01
6.3676250000e+03 6.9991916948e-01
6.3676500000e+03 6.9991978724e-01
6.3676750000e+03 6.9992045486e-01
6.3677000000e+03 6.9992116979e-01
6.3677250000e+03 6.9992190399e-01
6.3677500000e+03 6.9992260525e-01
6.3677750000e+03 6.9992322201e-01
6.3678000000e+03 6.9992373110e-01
6.3678250000e+03 6.9992413964e-01
6.3678500000e+03 6.9992446449e-01
6.3678750000e+03 6.9992471996e-01
6.3679000000e+03 6.9992492162e-01
6.3679250000e+03 6.9992508773e-01
6.3679500000e+03 6.9992523630e-01
6.3679750000e+03 6.9992537901e-01
6.3680000000e+03 6.9992552154e-01
6.3680250000e+03 6.9992566572e-01
6.3680500000e+03 6.9992581166e-01
6.3680750000e+03 6.9992595998e-01
6.3681000000e+03 6.9992611003e-01
6.3681250000e+03 6.9992626107e-01
6.3681500000e+03 6.9992641298e-01
6.3681750000e+03 6.9992656487e-01
6.3682000000e+03 6.9992671617e-01
6.3682250000e+03 6.9992686665e-01
6.3682500000e+03 6.9992701497e-01
6.3682750000e+03 6.9992715931e-01
6.3683000000e+03 6.9992729646e-01
6.3683250000e+03 6.9992741616e-01
6.3683500000e+03 6.9992748936e-01
6.3683750000e+03 6.9992744682e-01
6.3684000000e+03 6.9992717044e-01
6.3684250000e+03 6.9992651589e-01
6.3684500000e+03 6.9992532113e-01
6.3684750000e+03 6.9992328709e-01
6.3685000000e+03 6.9991970856e-01
6.3685250000e+03 6.9991333347e-01
6.3685500000e+03 6.9990270043e-01
6.3685750000e+03 6.9988677284e-01
6.3686000000e+03 6.9986532389e-01
6.3686250000e+03 6.9983889687e-01
6.3686500000e+03 6.9980863195e-01
6.3686750000e+03 6.9977614445e-01
6.3687000000e+03 6.9974326017e-01
6.3687250000e+03 6.9971149924e-01
6.3687500000e+03 6.9968164890e-01
6.3687750000e+03 6.9965379482e-01
6.3688000000e+03 6.9962766687e-01
6.3688250000e+03 6.9960293824e-01
6.3688500000e+03 6.9957934866e-01
6.3688750000e+03 6.9955671002e-01
6.3689000000e+03 6.9953487187e-01
6.3689250000e+03 6.9951369355e-01
6.3689500000e+03 6.9949304906e-01
6.3689750000e+03 6.9947284923e-01
6.3690000000e+03 6.9945305385e-01
6.3690250000e+03 6.9943365756e-01
6.3690500000e+03 6.9941466116e-01
6.3690750000e+03 6.9939605664e-01
6.3691000000e+03 6.9937782871e-01
6.3691250000e+03 6.9935995927e-01
6.3691500000e+03 6.9934243046e-01
6.3691750000e+03 6.9932522692e-01
6.3692000000e+03 6.9930833552e-01
6.3692250000e+03 6.9929174342e-01
6.3692500000e+03 6.9927543930e-01
6.3692750000e+03 6.9925941364e-01
6.3693000000e+03 6.9924365705e-01
6.3693250000e+03 6.9922816204e-01
6.3693500000e+03 6.9921292096e-01
6.3693750000e+03 6.9919792565e-01
6.3694000000e+03 6.9918316844e-01
6.3694250000e+03 6.9916864203e-01
6.3694500000e+03 6.9915433915e-01
6.3694750000e+03 6.9914025350e-01
6.3695000000e+03 6.9912638120e-01
6.3695250000e+03 6.9911271626e-01
6.3695500000e+03 6.9909925277e-01
6.3695750000e+03 6.9908598253e-01
6.3696000000e+03 6.9907289433e-01
6.3696250000e+03 6.9905997509e-01
6.3696500000e+03 6.9904721757e-01
6.3696750000e+03 6.9903462347e-01
6.3697000000e+03 6.9902220169e-01
6.3697250000e+03 6.9900996247e-01
6.3697500000e+03 6.9899791240e-01
6.3697750000e+03 6.9898605130e-01
6.3698000000e+03 6.9897437509e-01
6.3698250000e+03 6.9896288153e-01
6.3698500000e+03 6.9895156692e-01
6.3698750000e+03 6.9894042814e-01
6.3699000000e+03 6.9892946304e-01
6.3699250000e+03 6.9891866939e-01
6.3699500000e+03 6.9890804465e-01
6.3699750000e+03 6.9889758627e-01
6.3700000000e+03 6.9888729279e-01
6.3700250000e+03 6.9887716278e-01
6.3700500000e+03 6.9886719615e-01
6.3700750000e+03 6.9885739313e-01
6.3701000000e+03 6.9884775233e-01
6.3701250000e+03 6.9883827240e-01
6.3701500000e+03 6.9882895343e-01
6.3701750000e+03 6.9881979470e-01
6.3702000000e+03 6.9881079556e-01
6.3702250000e+03 6.9880195606e-01
6.3702500000e+03 6.9879327547e-01
6.3702750000e+03 6.9878475370e-01
6.3703000000e+03 6.9877638824e-01
6.3703250000e+03 6.9876817660e-01
6.3703500000e+03 6.9876011256e-01
6.3703750000e+03 6.9875218925e-01
6.3704000000e+03 6.9874439899e-01
6.3704250000e+03 6.9873673527e-01
6.3704500000e+03 6.9872919383e-01
6.3704750000e+03 6.9872177401e-01
6.3705000000e+03 6.9871447609e-01
6.3705250000e+03 6.9870730341e-01
6.3705500000e+03 6.9870025850e-01
6.3705750000e+03 6.9869334310e-01
6.3706000000e+03 6.9868655477e-01
6.3706250000e+03 6.9867988325e-01
6.3706500000e+03 6.9867330168e-01
6.3706750000e+03 6.9866677210e-01
6.3707000000e+03 6.9866026896e-01
6.3707250000e+03 6.9865380205e-01
6.3707500000e+03 6.9864741766e-01
6.3707750000e+03 6.9864116420e-01
6.3708000000e+03 6.9863506796e-01
6.3708250000e+03 6.9862913199e-01
6.3708500000e+03 6.9862334478e-01
6.3708750000e+03 6.9861769155e-01
6.3709000000e+03 6.9861215662e-01
6.3709250000e+03 6.9860672249e-01
6.3709500000e+03 6.9860137219e-01
6.3709750000e+03 6.9859610983e-01
6.3710000000e+03 6.9859098334e-01
6.3710250000e+03 6.9858608798e-01
6.3710500000e+03 6.9858152025e-01
6.3710750000e+03 6.9857731745e-01
6.3711000000e+03 6.9857344156e-01
6.3711250000e+03 6.9856982084e-01
6.3711500000e+03 6.9856639609e-01
6.3711750000e+03 6.9856313226e-01
6.3712000000e+03 6.9856001532e-01
6.3712250000e+03 6.9855704124e-01
6.3712500000e+03 6.9855421206e-01
6.3712750000e+03 6.9855153278e-01
6.3713000000e+03 6.9854900703e-01
6.3713250000e+03 6.9854664143e-01
6.3713500000e+03 6.9854444325e-01
6.3713750000e+03 6.9854241632e-01
6.3714000000e+03 6.9854055382e-01
6.3714250000e+03 6.9853883005e-01
6.3714500000e+03 6.9853720462e-01
6.3714750000e+03 6.9853564956e-01
6.3715000000e+03 6.9853416548e-01
6.3715250000e+03 6.9853277559e-01
6.3715500000e+03 6.9853149883e-01
6.3715750000e+03 6.9853033216e-01
6.3716000000e+03 6.9852925950e-01
6.3716250000e+03 6.9852826953e-01
6.3716500000e+03 6.9852736739e-01
6.3716750000e+03 6.9852657006e-01
6.3717000000e+03 6.9852589296e-01
6.3717250000e+03 6.9852534604e-01
6.3717500000e+03 6.9852493269e-01
6.3717750000e+03 6.9852465513e-01
6.3718000000e+03 6.9852451469e-01
6.3718250000e+03 6.9852450982e-01
6.3718500000e+03 6.9852464000e-01
6.3718750000e+03 6.9852490438e-01
6.3719000000e+03 6.9852530184e-01
6.3719250000e+03 6.9852582900e-01
6.3719500000e+03 6.9852648364e-01
6.3719750000e+03 6.9852726663e-01
6.3720000000e+03 6.9852818066e-01
6.3720250000e+03 6.9852922925e-01
6.3720500000e+03 6.9853041601e-01
6.3720750000e+03 6.9853174236e-01
6.3721000000e+03 6.9853320805e-01
6.3721250000e+03 6.9853481235e-01
6.3721500000e+03 6.9853655577e-01
6.3721750000e+03 6.9853843770e-01
6.3722000000e+03 6.9854045785e-01
6.3722250000e+03 6.9854261644e-01
6.3722500000e+03 6.9854491222e-01
6.3722750000e+03 6.9854736330e-01
6.3723000000e+03 6.9854996589e-01
6.3723250000e+03 6.9855271687e-01
6.3723500000e+03 6.9855561536e-01
6.3723750000e+03 6.9855866088e-01
6.3724000000e+03 6.9856185333e-01
6.3724250000e+03 6.9856519284e-01
6.3724500000e+03 6.9856867958e-01
6.3724750000e+03 6.9857231414e-01
6.3725000000e+03 6.9857609765e-01
6.3725250000e+03 6.9858003219e-01
6.3725500000e+03 6.9858411946e-01
6.3725750000e+03 6.9858835953e-01
6.3726000000e+03 6.9859274855e-01
6.3726250000e+03 6.9859727669e-01
6.3726500000e+03 6.9860193202e-01
6.3726750000e+03 6.9860670714e-01
6.3727000000e+03 6.9861160462e-01
6.3727250000e+03 6.9861663331e-01
6.3727500000e+03 6.9862180182e-01
6.3727750000e+03 6.9862711573e-01
6.3728000000e+03 6.9863257740e-01
6.3728250000e+03 6.9863818864e-01
6.3728500000e+03 6.9864395101e-01
6.3728750000e+03 6.9864986432e-01
6.3729000000e+03 6.9865592806e-01
6.3729250000e+03 6.9866213786e-01
6.3729500000e+03 6.9866848762e-01
6.3729750000e+03 6.9867497217e-01
6.3730000000e+03 6.9868158901e-01
6.3730250000e+03 6.9868834021e-01
6.3730500000e+03 6.9869523005e-01
6.3730750000e+03 6.9870226366e-01
6.3731000000e+03 6.9870944519e-01
6.3731250000e+03 6.9871677650e-01
6.3731500000e+03 6.9872425927e-01
6.3731750000e+03 6.9873189419e-01
6.3732000000e+03 6.9873968187e-01
6.3732250000e+03 6.9874762287e-01
6.3732500000e+03 6.9875571789e-01
6.3732750000e+03 6.9876396753e-01
6.3733000000e+03 6.9877237254e-01
6.3733250000e+03 6.9878093366e-01
6.3733500000e+03 6.9878965170e-01
6.3733750000e+03 6.9879852754e-01
6.3734000000e+03 6.9880756196e-01
6.3734250000e+03 6.9881675589e-01
6.3734500000e+03 6.9882611019e-01
6.3734750000e+03 6.9883562590e-01
6.3735000000e+03 6.9884530412e-01
6.3735250000e+03 6.9885514593e-01
6.3735500000e+03 6.9886515242e-01
6.3735750000e+03 6.9887532472e-01
6.3736000000e+03 6.9888566420e-01
6.3736250000e+03 6.9889617212e-01
6.3736500000e+03 6.9890685014e-01
6.3736750000e+03 6.9891769999e-01
6.3737000000e+03 6.9892872265e-01
6.3737250000e+03 6.9893991879e-01
6.3737500000e+03 6.9895129001e-01
6.3737750000e+03 6.9896283787e-01
6.3738000000e+03 6.9897456404e-01
6.3738250000e+03 6.9898647116e-01
6.3738500000e+03 6.9899856183e-01
6.3738750000e+03 6.9901083826e-01
6.3739000000e+03 6.9902330293e-01
6.3739250000e+03 6.9903595851e-01
6.3739500000e+03 6.9904880768e-01
6.3739750000e+03 6.9906185312e-01
6.3740000000e+03 6.9907509793e-01
6.3740250000e+03 6.9908854547e-01
6.3740500000e+03 6.9910219908e-01
6.3740750000e+03 6.9911606251e-01
6.3741000000e+03 6.9913013977e-01
6.3741250000e+03 6.9914443508e-01
6.3741500000e+03 6.9915895328e-01
6.3741750000e+03 6.9917369964e-01
6.3742000000e+03 6.9918867901e-01
6.3742250000e+03 6.9920389645e-01
6.3742500000e+03 6.9921935816e-01
6.3742750000e+03 6.9923507137e-01
6.3743000000e+03 6.9925104378e-01
6.3743250000e+03 6.9926728284e-01
6.3743500000e+03 6.9928379766e-01
6.3743750000e+03 6.9930059833e-01
6.3744000000e+03 6.9931769551e-01
6.3744250000e+03 6.9933510137e-01
6.3744500000e+03 6.9935282957e-01
6.3744750000e+03 6.9937089587e-01
6.3745000000e+03 6.9938931727e-01
6.3745250000e+03 6.9940811360e-01
6.3745500000e+03 6.9942730800e-01
6.3745750000e+03 6.9944692676e-01
6.3746000000e+03 6.9946700174e-01
6.3746250000e+03 6.9948757160e-01
6.3746500000e+03 6.9950868304e-01
6.3746750000e+03 6.9953039492e-01
6.3747000000e+03 6.9955278449e-01
6.3747250000e+03 6.9957595195e-01
6.3747500000e+03 6.9960001337e-01
6.3747750000e+03 6.9962508181e-01
6.3748000000e+03 6.9965126196e-01
6.3748250000e+03 6.9967869943e-01
6.3748500000e+03 6.9970764365e-01
6.3748750000e+03 6.9973835035e-01
6.3749000000e+03 6.9977069457e-01
6.3749250000e+03 6.9980377241e-01
6.3749500000e+03 6.9983597001e-01
6.3749750000e+03 6.9986548139e-01
6.3750000000e+03 6.9989079662e-01
