# Component: primary
# Region: (6330.0,6375.0)
# KOREL: False
# Parameters: {'rv': 100.009478284, 'teff': 25000.0, 'vrot': 150.0, 'logg': 4.2, 'lr': 0.7, 'z': 1.0}
6.3300000000e+03 6.9997942913e-01
6.3300250000e+03 6.9997885086e-01
6.3300500000e+03 6.9997827260e-01
6.3300750000e+03 6.9997769434e-01
6.3301000000e+03 6.9997711608e-01
6.3301250000e+03 6.9997653781e-01
6.3301500000e+03 6.9997595955e-01
6.3301750000e+03 6.9997538129e-01
6.3302000000e+03 6.9997480303e-01
6.3302250000e+03 6.9997422476e-01
6.3302500000e+03 6.9997364650e-01
6.3302750000e+03 6.9997306824e-01
6.3303000000e+03 6.9997248998e-01
6.3303250000e+03 6.9997191171e-01
6.3303500000e+03 6.9997133345e-01
6.3303750000e+03 6.9997075519e-01
6.3304000000e+03 6.9997017693e-01
6.3304250000e+03 6.9996959866e-01
6.3304500000e+03 6.9996902040e-01
6.3304750000e+03 6.9996844214e-01
6.3305000000e+03 6.9996786388e-01
6.3305250000e+03 6.9996728561e-01
6.3305500000e+03 6.9996670735e-01
6.3305750000e+03 6.9996612909e-01
6.3306000000e+03 6.9996555083e-01
6.3306250000e+03 6.9996497256e-01
6.3306500000e+03 6.9996439430e-01
6.3306750000e+03 6.9996381604e-01
6.3307000000e+03 6.9996323778e-01
6.3307250000e+03 6.9996265952e-01
6.3307500000e+03 6.9996208125e-01
6.3307750000e+03 6.9996150299e-01
6.3308000000e+03 6.9996092473e-01
6.3308250000e+03 6.9996034647e-01
6.3308500000e+03 6.9995976820e-01
6.3308750000e+03 6.9995918994e-01
6.3309000000e+03 6.9995861168e-01
6.3309250000e+03 6.9995803342e-01
6.3309500000e+03 6.9995745515e-01
6.3309750000e+03 6.9995687689e-01
6.3310000000e+03 6.9995629863e-01
6.3310250000e+03 6.9995572037e-01
6.3310500000e+03 6.9995514210e-01
6.3310750000e+03 6.9995456384e-01
6.3311000000e+03 6.9995398558e-01
6.3311250000e+03 6.9995340732e-01
6.3311500000e+03 6.9995282905e-01
6.3311750000e+03 6.9995225079e-01
6.3312000000e+03 6.9995167253e-01
6.3312250000e+03 6.9995109427e-01
6.3312500000e+03 6.9995051600e-01
6.3312750000e+03 6.9994993774e-01
6.3313000000e+03 6.9994935948e-01
6.3313250000e+03 6.9994878122e-01
6.3313500000e+03 6.9994820295e-01
6.3313750000e+03 6.9994762469e-01
6.3314000000e+03 6.9994704643e-01
6.3314250000e+03 6.9994646817e-01
6.3314500000e+03 6.9994588991e-01
6.3314750000e+03 6.9994531164e-01
6.3315000000e+03 6.9994473338e-01
6.3315250000e+03 6.9994415512e-01
6.3315500000e+03 6.9994357686e-01
6.3315750000e+03 6.9994299859e-01
6.3316000000e+03 6.9994242033e-01
6.3316250000e+03 6.9994184207e-01
6.3316500000e+03 6.9994126381e-01
6.3316750000e+03 6.9994068554e-01
6.3317000000e+03 6.9994010728e-01
6.3317250000e+03 6.9993952902e-01
6.3317500000e+03 6.9993895076e-01
6.3317750000e+03 6.9993837249e-01
6.3318000000e+03 6.9993779423e-01
6.3318250000e+03 6.9993721597e-01
6.3318500000e+03 6.9993663771e-01
6.3318750000e+03 6.9993605944e-01
6.3319000000e+03 6.9993548118e-01
6.3319250000e+03 6.9993490293e-01
6.3319500000e+03 6.9993432462e-01
6.3319750000e+03 6.9993374652e-01
6.3320000000e+03 6.9993316765e-01
6.3320250000e+03 6.9993259166e-01
6.3320500000e+03 6.9993200494e-01
6.3320750000e+03 6.9993145822e-01
6.3321000000e+03 6.9993076226e-01
6.3321250000e+03 6.9993031780e-01
6.3321500000e+03 6.9992949096e-01
6.3321750000e+03 6.9992883914e-01
6.3322000000e+03 6.9992815833e-01
6.3322250000e+03 6.9992750640e-01
6.3322500000e+03 6.9992686712e-01
6.3322750000e+03 6.9992624281e-01
6.3323000000e+03 6.9992563098e-01
6.3323250000e+03 6.9992503074e-01
6.3323500000e+03 6.9992444094e-01
6.3323750000e+03 6.9992386099e-01
6.3324000000e+03 6.9992329047e-01
6.3324250000e+03 6.9992272906e-01
6.3324500000e+03 6.9992217648e-01
6.3324750000e+03 6.9992163237e-01
6.3325000000e+03 6.9992109651e-01
6.3325250000e+03 6.9992056884e-01
6.3325500000e+03 6.9992004925e-01
6.3325750000e+03 6.9991953763e-01
6.3326000000e+03 6.9991903391e-01
6.3326250000e+03 6.9991853800e-01
6.3326500000e+03 6.9991804986e-01
6.3326750000e+03 6.9991756951e-01
6.3327000000e+03 6.9991709672e-01
6.3327250000e+03 6.9991663121e-01
6.3327500000e+03 6.9991617296e-01
6.3327750000e+03 6.9991572207e-01
6.3328000000e+03 6.9991527848e-01
6.3328250000e+03 6.9991484231e-01
6.3328500000e+03 6.9991441341e-01
6.3328750000e+03 6.9991399106e-01
6.3329000000e+03 6.9991357498e-01
6.3329250000e+03 6.9991316544e-01
6.3329500000e+03 6.9991276252e-01
6.3329750000e+03 6.9991236631e-01
6.3330000000e+03 6.9991197726e-01
6.3330250000e+03 6.9991159594e-01
6.3330500000e+03 6.9991122230e-01
6.3330750000e+03 6.9991085529e-01
6.3331000000e+03 6.9991049379e-01
6.3331250000e+03 6.9991013509e-01
6.3331500000e+03 6.9990976705e-01
6.3331750000e+03 6.9990935033e-01
6.3332000000e+03 6.9990877364e-01
6.3332250000e+03 6.9990776950e-01
6.3332500000e+03 6.9990579810e-01
6.3332750000e+03 6.9990195273e-01
6.3333000000e+03 6.9989501540e-01
6.3333250000e+03 6.9988374034e-01
6.3333500000e+03 6.9986728077e-01
6.3333750000e+03 6.9984556806e-01
6.3334000000e+03 6.9981943265e-01
6.3334250000e+03 6.9979039710e-01
6.3334500000e+03 6.9976024029e-01
6.3334750000e+03 6.9973050626e-01
6.3335000000e+03 6.9970217490e-01
6.3335250000e+03 6.9967561502e-01
6.3335500000e+03 6.9965076332e-01
6.3335750000e+03 6.9962736641e-01
6.3336000000e+03 6.9960515138e-01
6.3336250000e+03 6.9958389489e-01
6.3336500000e+03 6.9956342373e-01
6.3336750000e+03 6.9954359178e-01
6.3337000000e+03 6.9952426021e-01
6.3337250000e+03 6.9950530135e-01
6.3337500000e+03 6.9948663320e-01
6.3337750000e+03 6.9946824917e-01
6.3338000000e+03 6.9945020041e-01
6.3338250000e+03 6.9943254449e-01
6.3338500000e+03 6.9941530539e-01
6.3338750000e+03 6.9939847052e-01
6.3339000000e+03 6.9938201099e-01
6.3339250000e+03 6.9936589835e-01
6.3339500000e+03 6.9935010972e-01
6.3339750000e+03 6.9933462672e-01
6.3340000000e+03 6.9931943404e-01
6.3340250000e+03 6.9930451881e-01
6.3340500000e+03 6.9928987001e-01
6.3340750000e+03 6.9927547797e-01
6.3341000000e+03 6.9926133406e-01
6.3341250000e+03 6.9924743054e-01
6.3341500000e+03 6.9923376038e-01
6.3341750000e+03 6.9922031776e-01
6.3342000000e+03 6.9920709764e-01
6.3342250000e+03 6.9919409457e-01
6.3342500000e+03 6.9918130340e-01
6.3342750000e+03 6.9916871969e-01
6.3343000000e+03 6.9915633932e-01
6.3343250000e+03 6.9914415771e-01
6.3343500000e+03 6.9913217094e-01
6.3343750000e+03 6.9912037595e-01
6.3344000000e+03 6.9910876970e-01
6.3344250000e+03 6.9909734940e-01
6.3344500000e+03 6.9908611207e-01
6.3344750000e+03 6.9907505542e-01
6.3345000000e+03 6.9906417939e-01
6.3345250000e+03 6.9905348905e-01
6.3345500000e+03 6.9904299853e-01
6.3345750000e+03 6.9903273246e-01
6.3346000000e+03 6.9902272174e-01
6.3346250000e+03 6.9901299060e-01
6.3346500000e+03 6.9900354132e-01
6.3346750000e+03 6.9899434860e-01
6.3347000000e+03 6.9898536701e-01
6.3347250000e+03 6.9897655025e-01
6.3347500000e+03 6.9896786612e-01
6.3347750000e+03 6.9895930056e-01
6.3348000000e+03 6.9895085457e-01
6.3348250000e+03 6.9894253443e-01
6.3348500000e+03 6.9893434700e-01
6.3348750000e+03 6.9892629762e-01
6.3349000000e+03 6.9891838924e-01
6.3349250000e+03 6.9891062308e-01
6.3349500000e+03 6.9890299929e-01
6.3349750000e+03 6.9889551826e-01
6.3350000000e+03 6.9888818013e-01
6.3350250000e+03 6.9888098508e-01
6.3350500000e+03 6.9887393266e-01
6.3350750000e+03 6.9886702207e-01
6.3351000000e+03 6.9886025283e-01
6.3351250000e+03 6.9885362406e-01
6.3351500000e+03 6.9884713436e-01
6.3351750000e+03 6.9884078045e-01
6.3352000000e+03 6.9883455699e-01
6.3352250000e+03 6.9882845759e-01
6.3352500000e+03 6.9882247377e-01
6.3352750000e+03 6.9881659791e-01
6.3353000000e+03 6.9881081464e-01
6.3353250000e+03 6.9880510983e-01
6.3353500000e+03 6.9879948343e-01
6.3353750000e+03 6.9879394046e-01
6.3354000000e+03 6.9878849049e-01
6.3354250000e+03 6.9878314679e-01
6.3354500000e+03 6.9877792436e-01
6.3354750000e+03 6.9877283635e-01
6.3355000000e+03 6.9876789269e-01
6.3355250000e+03 6.9876309902e-01
6.3355500000e+03 6.9875845750e-01
6.3355750000e+03 6.9875396802e-01
6.3356000000e+03 6.9874962969e-01
6.3356250000e+03 6.9874544151e-01
6.3356500000e+03 6.9874140162e-01
6.3356750000e+03 6.9873750857e-01
6.3357000000e+03 6.9873376134e-01
6.3357250000e+03 6.9873015855e-01
6.3357500000e+03 6.9872669950e-01
6.3357750000e+03 6.9872338489e-01
6.3358000000e+03 6.9872021563e-01
6.3358250000e+03 6.9871719222e-01
6.3358500000e+03 6.9871431557e-01
6.3358750000e+03 6.9871158656e-01
6.3359000000e+03 6.9870900661e-01
6.3359250000e+03 6.9870657765e-01
6.3359500000e+03 6.9870430053e-01
6.3359750000e+03 6.9870217052e-01
6.3360000000e+03 6.9870017302e-01
6.3360250000e+03 6.9869828487e-01
6.3360500000e+03 6.9869648559e-01
6.3360750000e+03 6.9869476905e-01
6.3361000000e+03 6.9869313957e-01
6.3361250000e+03 6.9869159441e-01
6.3361500000e+03 6.9869011576e-01
6.3361750000e+03 6.9868867987e-01
6.3362000000e+03 6.9868726764e-01
6.3362250000e+03 6.9868587390e-01
6.3362500000e+03 6.9868450920e-01
6.3362750000e+03 6.9868319445e-01
6.3363000000e+03 6.9868195570e-01
6.3363250000e+03 6.9868081592e-01
6.3363500000e+03 6.9867979014e-01
6.3363750000e+03 6.9867888779e-01
6.3364000000e+03 6.9867811330e-01
6.3364250000e+03 6.9867746835e-01
6.3364500000e+03 6.9867695359e-01
6.3364750000e+03 6.9867656890e-01
6.3365000000e+03 6.9867631408e-01
6.3365250000e+03 6.9867618880e-01
6.3365500000e+03 6.9867619286e-01
6.3365750000e+03 6.9867632627e-01
6.3366000000e+03 6.9867658908e-01
6.3366250000e+03 6.9867698123e-01
6.3366500000e+03 6.9867750260e-01
6.3366750000e+03 6.9867815332e-01
6.3367000000e+03 6.9867893353e-01
6.3367250000e+03 6.9867984336e-01
6.3367500000e+03 6.9868088305e-01
6.3367750000e+03 6.9868205284e-01
6.3368000000e+03 6.9868335303e-01
6.3368250000e+03 6.9868478395e-01
6.3368500000e+03 6.9868634603e-01
6.3368750000e+03 6.9868803953e-01
6.3369000000e+03 6.9868986496e-01
6.3369250000e+03 6.9869182302e-01
6.3369500000e+03 6.9869391309e-01
6.3369750000e+03 6.9869613354e-01
6.3370000000e+03 6.9869848159e-01
6.3370250000e+03 6.9870095331e-01
6.3370500000e+03 6.9870354762e-01
6.3370750000e+03 6.9870627043e-01
6.3371000000e+03 6.9870913451e-01
6.3371250000e+03 6.9871215494e-01
6.3371500000e+03 6.9871534427e-01
6.3371750000e+03 6.9871870767e-01
6.3372000000e+03 6.9872223062e-01
6.3372250000e+03 6.9872586741e-01
6.3372500000e+03 6.9872955724e-01
6.3372750000e+03 6.9873326194e-01
6.3373000000e+03 6.9873698706e-01
6.3373250000e+03 6.9874077018e-01
6.3373500000e+03 6.9874465345e-01
6.3373750000e+03 6.9874866436e-01
6.3374000000e+03 6.9875281463e-01
6.3374250000e+03 6.9875710561e-01
6.3374500000e+03 6.9876152725e-01
6.3374750000e+03 6.9876605805e-01
6.3375000000e+03 6.9877067564e-01
6.3375250000e+03 6.9877537277e-01
6.3375500000e+03 6.9878015937e-01
6.3375750000e+03 6.9878505187e-01
6.3376000000e+03 6.9879006449e-01
6.3376250000e+03 6.9879520518e-01
6.3376500000e+03 6.9880047596e-01
6.3376750000e+03 6.9880587693e-01
6.3377000000e+03 6.9881140810e-01
6.3377250000e+03 6.9881707012e-01
6.3377500000e+03 6.9882286375e-01
6.3377750000e+03 6.9882878996e-01
6.3378000000e+03 6.9883485020e-01
6.3378250000e+03 6.9884104498e-01
6.3378500000e+03 6.9884737494e-01
6.3378750000e+03 6.9885384122e-01
6.3379000000e+03 6.9886044381e-01
6.3379250000e+03 6.9886718164e-01
6.3379500000e+03 6.9887405440e-01
6.3379750000e+03 6.9888106250e-01
6.3380000000e+03 6.9888820767e-01
6.3380250000e+03 6.9889549182e-01
6.3380500000e+03 6.9890291554e-01
6.3380750000e+03 6.9891048014e-01
6.3381000000e+03 6.9891818743e-01
6.3381250000e+03 6.9892603835e-01
6.3381500000e+03 6.9893403435e-01
6.3381750000e+03 6.9894217673e-01
6.3382000000e+03 6.9895046544e-01
6.3382250000e+03 6.9895890166e-01
6.3382500000e+03 6.9896748753e-01
6.3382750000e+03 6.9897622445e-01
6.3383000000e+03 6.9898511497e-01
6.3383250000e+03 6.9899416272e-01
6.3383500000e+03 6.9900337056e-01
6.3383750000e+03 6.9901273748e-01
6.3384000000e+03 6.9902225659e-01
6.3384250000e+03 6.9903191572e-01
6.3384500000e+03 6.9904170274e-01
6.3384750000e+03 6.9905161269e-01
6.3385000000e+03 6.9906164967e-01
6.3385250000e+03 6.9907182377e-01
6.3385500000e+03 6.9908214612e-01
6.3385750000e+03 6.9909262532e-01
6.3386000000e+03 6.9910326650e-01
6.3386250000e+03 6.9911407260e-01
6.3386500000e+03 6.9912504692e-01
6.3386750000e+03 6.9913619281e-01
6.3387000000e+03 6.9914751217e-01
6.3387250000e+03 6.9915900549e-01
6.3387500000e+03 6.9917067343e-01
6.3387750000e+03 6.9918251665e-01
6.3388000000e+03 6.9919453583e-01
6.3388250000e+03 6.9920673422e-01
6.3388500000e+03 6.9921911750e-01
6.3388750000e+03 6.9923169306e-01
6.3389000000e+03 6.9924446771e-01
6.3389250000e+03 6.9925744519e-01
6.3389500000e+03 6.9927062827e-01
6.3389750000e+03 6.9928401948e-01
6.3390000000e+03 6.9929762081e-01
6.3390250000e+03 6.9931143639e-01
6.3390500000e+03 6.9932547288e-01
6.3390750000e+03 6.9933973858e-01
6.3391000000e+03 6.9935424458e-01
6.3391250000e+03 6.9936900366e-01
6.3391500000e+03 6.9938402856e-01
6.3391750000e+03 6.9939933203e-01
6.3392000000e+03 6.9941492596e-01
6.3392250000e+03 6.9943081976e-01
6.3392500000e+03 6.9944702113e-01
6.3392750000e+03 6.9946353173e-01
6.3393000000e+03 6.9948033759e-01
6.3393250000e+03 6.9949739388e-01
6.3393500000e+03 6.9951460314e-01
6.3393750000e+03 6.9953179099e-01
6.3394000000e+03 6.9954869183e-01
6.3394250000e+03 6.9956496493e-01
6.3394500000e+03 6.9958025472e-01
6.3394750000e+03 6.9959429683e-01
6.3395000000e+03 6.9960703743e-01
6.3395250000e+03 6.9961871622e-01
6.3395500000e+03 6.9962988225e-01
6.3395750000e+03 6.9964130616e-01
6.3396000000e+03 6.9965376321e-01
6.3396250000e+03 6.9966770198e-01
6.3396500000e+03 6.9968290572e-01
6.3396750000e+03 6.9969835977e-01
6.3397000000e+03 6.9971244871e-01
6.3397250000e+03 6.9972342290e-01
6.3397500000e+03 6.9972995525e-01
6.3397750000e+03 6.9973154339e-01
6.3398000000e+03 6.9972860901e-01
6.3398250000e+03 6.9972225329e-01
6.3398500000e+03 6.9971378484e-01
6.3398750000e+03 6.9970429632e-01
6.3399000000e+03 6.9969448306e-01
6.3399250000e+03 6.9968469272e-01
6.3399500000e+03 6.9967507102e-01
6.3399750000e+03 6.9966568105e-01
6.3400000000e+03 6.9965655636e-01
6.3400250000e+03 6.9964770557e-01
6.3400500000e+03 6.9963909979e-01
6.3400750000e+03 6.9963066270e-01
6.3401000000e+03 6.9962228923e-01
6.3401250000e+03 6.9961389747e-01
6.3401500000e+03 6.9960546819e-01
6.3401750000e+03 6.9959703742e-01
6.3402000000e+03 6.9958866045e-01
6.3402250000e+03 6.9958038080e-01
6.3402500000e+03 6.9957222164e-01
6.3402750000e+03 6.9956419210e-01
6.3403000000e+03 6.9955629365e-01
6.3403250000e+03 6.9954852401e-01
6.3403500000e+03 6.9954087931e-01
6.3403750000e+03 6.9953335492e-01
6.3404000000e+03 6.9952594706e-01
6.3404250000e+03 6.9951865254e-01
6.3404500000e+03 6.9951146837e-01
6.3404750000e+03 6.9950439231e-01
6.3405000000e+03 6.9949742218e-01
6.3405250000e+03 6.9949055533e-01
6.3405500000e+03 6.9948378936e-01
6.3405750000e+03 6.9947712089e-01
6.3406000000e+03 6.9947053918e-01
6.3406250000e+03 6.9946401459e-01
6.3406500000e+03 6.9945748671e-01
6.3406750000e+03 6.9945087206e-01
6.3407000000e+03 6.9944411178e-01
6.3407250000e+03 6.9943722662e-01
6.3407500000e+03 6.9943031432e-01
6.3407750000e+03 6.9942348459e-01
6.3408000000e+03 6.9941679871e-01
6.3408250000e+03 6.9941026255e-01
6.3408500000e+03 6.9940385423e-01
6.3408750000e+03 6.9939754865e-01
6.3409000000e+03 6.9939132931e-01
6.3409250000e+03 6.9938519466e-01
6.3409500000e+03 6.9937916269e-01
6.3409750000e+03 6.9937326940e-01
6.3410000000e+03 6.9936755534e-01
6.3410250000e+03 6.9936204783e-01
6.3410500000e+03 6.9935675006e-01
6.3410750000e+03 6.9935164239e-01
6.3411000000e+03 6.9934669356e-01
6.3411250000e+03 6.9934187266e-01
6.3411500000e+03 6.9933715920e-01
6.3411750000e+03 6.9933254340e-01
6.3412000000e+03 6.9932802077e-01
6.3412250000e+03 6.9932359106e-01
6.3412500000e+03 6.9931925533e-01
6.3412750000e+03 6.9931501459e-01
6.3413000000e+03 6.9931086916e-01
6.3413250000e+03 6.9930681796e-01
6.3413500000e+03 6.9930285997e-01
6.3413750000e+03 6.9929899485e-01
6.3414000000e+03 6.9929522264e-01
6.3414250000e+03 6.9929154387e-01
6.3414500000e+03 6.9928795943e-01
6.3414750000e+03 6.9928446979e-01
6.3415000000e+03 6.9928107645e-01
6.3415250000e+03 6.9927778154e-01
6.3415500000e+03 6.9927458552e-01
6.3415750000e+03 6.9927148716e-01
6.3416000000e+03 6.9926848349e-01
6.3416250000e+03 6.9926556738e-01
6.3416500000e+03 6.9926272583e-01
6.3416750000e+03 6.9925994305e-01
6.3417000000e+03 6.9925720377e-01
6.3417250000e+03 6.9925449579e-01
6.3417500000e+03 6.9925181163e-01
6.3417750000e+03 6.9924914897e-01
6.3418000000e+03 6.9924651146e-01
6.3418250000e+03 6.9924390739e-01
6.3418500000e+03 6.9924134668e-01
6.3418750000e+03 6.9923883870e-01
6.3419000000e+03 6.9923639157e-01
6.3419250000e+03 6.9923401144e-01
6.3419500000e+03 6.9923170232e-01
6.3419750000e+03 6.9922946729e-01
6.3420000000e+03 6.9922730835e-01
6.3420250000e+03 6.9922522597e-01
6.3420500000e+03 6.9922322059e-01
6.3420750000e+03 6.9922129311e-01
6.3421000000e+03 6.9921944357e-01
6.3421250000e+03 6.9921767212e-01
6.3421500000e+03 6.9921597993e-01
6.3421750000e+03 6.9921436778e-01
6.3422000000e+03 6.9921283565e-01
6.3422250000e+03 6.9921138457e-01
6.3422500000e+03 6.9921001705e-01
6.3422750000e+03 6.9920873670e-01
6.3423000000e+03 6.9920754890e-01
6.3423250000e+03 6.9920645934e-01
6.3423500000e+03 6.9920546710e-01
6.3423750000e+03 6.9920455509e-01
6.3424000000e+03 6.9920368788e-01
6.3424250000e+03 6.9920282812e-01
6.3424500000e+03 6.9920196060e-01
6.3424750000e+03 6.9920109792e-01
6.3425000000e+03 6.9920026651e-01
6.3425250000e+03 6.9919948955e-01
6.3425500000e+03 6.9919877902e-01
6.3425750000e+03 6.9919813914e-01
6.3426000000e+03 6.9919757101e-01
6.3426250000e+03 6.9919707412e-01
6.3426500000e+03 6.9919664843e-01
6.3426750000e+03 6.9919629456e-01
6.3427000000e+03 6.9919601186e-01
6.3427250000e+03 6.9919580023e-01
6.3427500000e+03 6.9919566024e-01
6.3427750000e+03 6.9919559202e-01
6.3428000000e+03 6.9919559565e-01
6.3428250000e+03 6.9919567130e-01
6.3428500000e+03 6.9919581868e-01
6.3428750000e+03 6.9919603705e-01
6.3429000000e+03 6.9919632647e-01
6.3429250000e+03 6.9919668745e-01
6.3429500000e+03 6.9919712013e-01
6.3429750000e+03 6.9919762471e-01
6.3430000000e+03 6.9919820130e-01
6.3430250000e+03 6.9919884940e-01
6.3430500000e+03 6.9919956866e-01
6.3430750000e+03 6.9920035932e-01
6.3431000000e+03 6.9920122187e-01
6.3431250000e+03 6.9920215668e-01
6.3431500000e+03 6.9920316330e-01
6.3431750000e+03 6.9920424177e-01
6.3432000000e+03 6.9920539277e-01
6.3432250000e+03 6.9920661703e-01
6.3432500000e+03 6.9920791499e-01
6.3432750000e+03 6.9920928718e-01
6.3433000000e+03 6.9921073489e-01
6.3433250000e+03 6.9921225887e-01
6.3433500000e+03 6.9921385792e-01
6.3433750000e+03 6.9921552692e-01
6.3434000000e+03 6.9921725821e-01
6.3434250000e+03 6.9921904580e-01
6.3434500000e+03 6.9922088793e-01
6.3434750000e+03 6.9922278782e-01
6.3435000000e+03 6.9922475148e-01
6.3435250000e+03 6.9922678346e-01
6.3435500000e+03 6.9922888550e-01
6.3435750000e+03 6.9923105852e-01
6.3436000000e+03 6.9923330306e-01
6.3436250000e+03 6.9923561884e-01
6.3436500000e+03 6.9923800579e-01
6.3436750000e+03 6.9924046373e-01
6.3437000000e+03 6.9924299287e-01
6.3437250000e+03 6.9924559352e-01
6.3437500000e+03 6.9924826536e-01
6.3437750000e+03 6.9925100858e-01
6.3438000000e+03 6.9925382313e-01
6.3438250000e+03 6.9925670906e-01
6.3438500000e+03 6.9925966614e-01
6.3438750000e+03 6.9926269397e-01
6.3439000000e+03 6.9926579120e-01
6.3439250000e+03 6.9926895555e-01
6.3439500000e+03 6.9927218561e-01
6.3439750000e+03 6.9927548115e-01
6.3440000000e+03 6.9927884408e-01
6.3440250000e+03 6.9928227587e-01
6.3440500000e+03 6.9928577279e-01
6.3440750000e+03 6.9928932117e-01
6.3441000000e+03 6.9929289506e-01
6.3441250000e+03 6.9929646463e-01
6.3441500000e+03 6.9930001566e-01
6.3441750000e+03 6.9930356417e-01
6.3442000000e+03 6.9930715016e-01
6.3442250000e+03 6.9931081393e-01
6.3442500000e+03 6.9931457667e-01
6.3442750000e+03 6.9931843862e-01
6.3443000000e+03 6.9932238647e-01
6.3443250000e+03 6.9932639876e-01
6.3443500000e+03 6.9933045078e-01
6.3443750000e+03 6.9933452771e-01
6.3444000000e+03 6.9933863639e-01
6.3444250000e+03 6.9934280030e-01
6.3444500000e+03 6.9934704476e-01
6.3444750000e+03 6.9935138301e-01
6.3445000000e+03 6.9935581436e-01
6.3445250000e+03 6.9936033276e-01
6.3445500000e+03 6.9936493161e-01
6.3445750000e+03 6.9936960578e-01
6.3446000000e+03 6.9937435260e-01
6.3446250000e+03 6.9937917130e-01
6.3446500000e+03 6.9938406272e-01
6.3446750000e+03 6.9938902829e-01
6.3447000000e+03 6.9939406934e-01
6.3447250000e+03 6.9939918604e-01
6.3447500000e+03 6.9940437804e-01
6.3447750000e+03 6.9940964427e-01
6.3448000000e+03 6.9941498206e-01
6.3448250000e+03 6.9942038736e-01
6.3448500000e+03 6.9942585580e-01
6.3448750000e+03 6.9943138504e-01
6.3449000000e+03 6.9943697716e-01
6.3449250000e+03 6.9944263847e-01
6.3449500000e+03 6.9944837450e-01
6.3449750000e+03 6.9945418577e-01
6.3450000000e+03 6.9946007019e-01
6.3450250000e+03 6.9946602516e-01
6.3450500000e+03 6.9947204829e-01
6.3450750000e+03 6.9947813624e-01
6.3451000000e+03 6.9948428417e-01
6.3451250000e+03 6.9949048632e-01
6.3451500000e+03 6.9949673393e-01
6.3451750000e+03 6.9950301714e-01
6.3452000000e+03 6.9950932695e-01
6.3452250000e+03 6.9951565489e-01
6.3452500000e+03 6.9952199395e-01
6.3452750000e+03 6.9952833389e-01
6.3453000000e+03 6.9953465991e-01
6.3453250000e+03 6.9954095292e-01
6.3453500000e+03 6.9954718586e-01
6.3453750000e+03 6.9955332312e-01
6.3454000000e+03 6.9955932080e-01
6.3454250000e+03 6.9956512451e-01
6.3454500000e+03 6.9957065881e-01
6.3454750000e+03 6.9957581444e-01
6.3455000000e+03 6.9958045485e-01
6.3455250000e+03 6.9958434850e-01
6.3455500000e+03 6.9958708647e-01
6.3455750000e+03 6.9958813272e-01
6.3456000000e+03 6.9958693346e-01
6.3456250000e+03 6.9958302947e-01
6.3456500000e+03 6.9957613276e-01
6.3456750000e+03 6.9956621495e-01
6.3457000000e+03 6.9955356320e-01
6.3457250000e+03 6.9953868796e-01
6.3457500000e+03 6.9952217454e-01
6.3457750000e+03 6.9950440033e-01
6.3458000000e+03 6.9948533759e-01
6.3458250000e+03 6.9946457987e-01
6.3458500000e+03 6.9944143856e-01
6.3458750000e+03 6.9941509480e-01
6.3459000000e+03 6.9938475901e-01
6.3459250000e+03 6.9934967382e-01
6.3459500000e+03 6.9930894123e-01
6.3459750000e+03 6.9926160315e-01
6.3460000000e+03 6.9920709993e-01
6.3460250000e+03 6.9914558915e-01
6.3460500000e+03 6.9907778973e-01
6.3460750000e+03 6.9900468440e-01
6.3461000000e+03 6.9892749009e-01
6.3461250000e+03 6.9884785293e-01
6.3461500000e+03 6.9876790400e-01
6.3461750000e+03 6.9868973617e-01
6.3462000000e+03 6.9861461038e-01
6.3462250000e+03 6.9854276273e-01
6.3462500000e+03 6.9847385059e-01
6.3462750000e+03 6.9840740511e-01
6.3463000000e+03 6.9834302784e-01
6.3463250000e+03 6.9828042766e-01
6.3463500000e+03 6.9821940430e-01
6.3463750000e+03 6.9815981991e-01
6.3464000000e+03 6.9810157400e-01
6.3464250000e+03 6.9804459237e-01
6.3464500000e+03 6.9798882103e-01
6.3464750000e+03 6.9793421163e-01
6.3465000000e+03 6.9788070637e-01
6.3465250000e+03 6.9782822989e-01
6.3465500000e+03 6.9777670176e-01
6.3465750000e+03 6.9772605874e-01
6.3466000000e+03 6.9767626215e-01
6.3466250000e+03 6.9762728793e-01
6.3466500000e+03 6.9757911841e-01
6.3466750000e+03 6.9753173690e-01
6.3467000000e+03 6.9748512655e-01
6.3467250000e+03 6.9743926991e-01
6.3467500000e+03 6.9739415079e-01
6.3467750000e+03 6.9734975448e-01
6.3468000000e+03 6.9730606711e-01
6.3468250000e+03 6.9726307696e-01
6.3468500000e+03 6.9722077463e-01
6.3468750000e+03 6.9717915238e-01
6.3469000000e+03 6.9713820468e-01
6.3469250000e+03 6.9709792925e-01
6.3469500000e+03 6.9705832794e-01
6.3469750000e+03 6.9701939746e-01
6.3470000000e+03 6.9698111201e-01
6.3470250000e+03 6.9694340111e-01
6.3470500000e+03 6.9690615370e-01
6.3470750000e+03 6.9686926852e-01
6.3471000000e+03 6.9683271354e-01
6.3471250000e+03 6.9679653675e-01
6.3471500000e+03 6.9676081812e-01
6.3471750000e+03 6.9672561820e-01
6.3472000000e+03 6.9669096355e-01
6.3472250000e+03 6.9665685868e-01
6.3472500000e+03 6.9662330079e-01
6.3472750000e+03 6.9659028541e-01
6.3473000000e+03 6.9655780748e-01
6.3473250000e+03 6.9652586135e-01
6.3473500000e+03 6.9649443998e-01
6.3473750000e+03 6.9646353598e-01
6.3474000000e+03 6.9643314216e-01
6.3474250000e+03 6.9640325362e-01
6.3474500000e+03 6.9637386788e-01
6.3474750000e+03 6.9634498287e-01
6.3475000000e+03 6.9631659620e-01
6.3475250000e+03 6.9628870651e-01
6.3475500000e+03 6.9626131110e-01
6.3475750000e+03 6.9623440635e-01
6.3476000000e+03 6.9620798731e-01
6.3476250000e+03 6.9618204265e-01
6.3476500000e+03 6.9615654816e-01
6.3476750000e+03 6.9613146440e-01
6.3477000000e+03 6.9610675227e-01
6.3477250000e+03 6.9608240343e-01
6.3477500000e+03 6.9605845258e-01
6.3477750000e+03 6.9603495601e-01
6.3478000000e+03 6.9601195640e-01
6.3478250000e+03 6.9598946722e-01
6.3478500000e+03 6.9596748230e-01
6.3478750000e+03 6.9594599081e-01
6.3479000000e+03 6.9592498396e-01
6.3479250000e+03 6.9590445572e-01
6.3479500000e+03 6.9588440159e-01
6.3479750000e+03 6.9586481840e-01
6.3480000000e+03 6.9584570354e-01
6.3480250000e+03 6.9582705471e-01
6.3480500000e+03 6.9580886936e-01
6.3480750000e+03 6.9579114497e-01
6.3481000000e+03 6.9577388056e-01
6.3481250000e+03 6.9575707512e-01
6.3481500000e+03 6.9574072648e-01
6.3481750000e+03 6.9572483365e-01
6.3482000000e+03 6.9570939594e-01
6.3482250000e+03 6.9569441120e-01
6.3482500000e+03 6.9567987726e-01
6.3482750000e+03 6.9566579305e-01
6.3483000000e+03 6.9565215835e-01
6.3483250000e+03 6.9563897224e-01
6.3483500000e+03 6.9562623323e-01
6.3483750000e+03 6.9561393995e-01
6.3484000000e+03 6.9560209051e-01
6.3484250000e+03 6.9559068042e-01
6.3484500000e+03 6.9557969360e-01
6.3484750000e+03 6.9556909068e-01
6.3485000000e+03 6.9555880550e-01
6.3485250000e+03 6.9554876999e-01
6.3485500000e+03 6.9553896470e-01
6.3485750000e+03 6.9552944747e-01
6.3486000000e+03 6.9552032167e-01
6.3486250000e+03 6.9551167104e-01
6.3486500000e+03 6.9550352895e-01
6.3486750000e+03 6.9549589131e-01
6.3487000000e+03 6.9548874233e-01
6.3487250000e+03 6.9548206830e-01
6.3487500000e+03 6.9547586053e-01
6.3487750000e+03 6.9547011297e-01
6.3488000000e+03 6.9546482192e-01
6.3488250000e+03 6.9545998532e-01
6.3488500000e+03 6.9545559990e-01
6.3488750000e+03 6.9545166315e-01
6.3489000000e+03 6.9544817395e-01
6.3489250000e+03 6.9544513090e-01
6.3489500000e+03 6.9544253281e-01
6.3489750000e+03 6.9544037986e-01
6.3490000000e+03 6.9543867169e-01
6.3490250000e+03 6.9543740757e-01
6.3490500000e+03 6.9543658689e-01
6.3490750000e+03 6.9543620813e-01
6.3491000000e+03 6.9543627087e-01
6.3491250000e+03 6.9543677484e-01
6.3491500000e+03 6.9543772029e-01
6.3491750000e+03 6.9543910787e-01
6.3492000000e+03 6.9544093751e-01
6.3492250000e+03 6.9544320851e-01
6.3492500000e+03 6.9544591999e-01
6.3492750000e+03 6.9544907203e-01
6.3493000000e+03 6.9545266480e-01
6.3493250000e+03 6.9545669836e-01
6.3493500000e+03 6.9546117210e-01
6.3493750000e+03 6.9546608421e-01
6.3494000000e+03 6.9547143198e-01
6.3494250000e+03 6.9547721223e-01
6.3494500000e+03 6.9548342152e-01
6.3494750000e+03 6.9549005332e-01
6.3495000000e+03 6.9549709276e-01
6.3495250000e+03 6.9550452003e-01
6.3495500000e+03 6.9551232682e-01
6.3495750000e+03 6.9552052632e-01
6.3496000000e+03 6.9552914419e-01
6.3496250000e+03 6.9553819812e-01
6.3496500000e+03 6.9554768733e-01
6.3496750000e+03 6.9555760427e-01
6.3497000000e+03 6.9556794908e-01
6.3497250000e+03 6.9557873153e-01
6.3497500000e+03 6.9558996462e-01
6.3497750000e+03 6.9560165725e-01
6.3498000000e+03 6.9561381313e-01
6.3498250000e+03 6.9562643122e-01
6.3498500000e+03 6.9563950954e-01
6.3498750000e+03 6.9565304510e-01
6.3499000000e+03 6.9566702881e-01
6.3499250000e+03 6.9568144478e-01
6.3499500000e+03 6.9569627786e-01
6.3499750000e+03 6.9571152672e-01
6.3500000000e+03 6.9572720754e-01
6.3500250000e+03 6.9574334386e-01
6.3500500000e+03 6.9575995476e-01
6.3500750000e+03 6.9577704932e-01
6.3501000000e+03 6.9579462692e-01
6.3501250000e+03 6.9581268428e-01
6.3501500000e+03 6.9583122123e-01
6.3501750000e+03 6.9585023779e-01
6.3502000000e+03 6.9586973463e-01
6.3502250000e+03 6.9588971292e-01
6.3502500000e+03 6.9591017444e-01
6.3502750000e+03 6.9593112040e-01
6.3503000000e+03 6.9595255091e-01
6.3503250000e+03 6.9597446677e-01
6.3503500000e+03 6.9599686953e-01
6.3503750000e+03 6.9601976235e-01
6.3504000000e+03 6.9604314889e-01
6.3504250000e+03 6.9606703187e-01
6.3504500000e+03 6.9609140733e-01
6.3504750000e+03 6.9611625935e-01
6.3505000000e+03 6.9614156034e-01
6.3505250000e+03 6.9616728278e-01
6.3505500000e+03 6.9619341817e-01
6.3505750000e+03 6.9621998496e-01
6.3506000000e+03 6.9624701749e-01
6.3506250000e+03 6.9627454644e-01
6.3506500000e+03 6.9630259020e-01
6.3506750000e+03 6.9633115496e-01
6.3507000000e+03 6.9636023134e-01
6.3507250000e+03 6.9638979313e-01
6.3507500000e+03 6.9641981258e-01
6.3507750000e+03 6.9645027879e-01
6.3508000000e+03 6.9648120293e-01
6.3508250000e+03 6.9651261130e-01
6.3508500000e+03 6.9654452998e-01
6.3508750000e+03 6.9657697649e-01
6.3509000000e+03 6.9660996144e-01
6.3509250000e+03 6.9664349105e-01
6.3509500000e+03 6.9667756869e-01
6.3509750000e+03 6.9671219570e-01
6.3510000000e+03 6.9674737559e-01
6.3510250000e+03 6.9678311309e-01
6.3510500000e+03 6.9681941486e-01
6.3510750000e+03 6.9685628856e-01
6.3511000000e+03 6.9689374103e-01
6.3511250000e+03 6.9693178052e-01
6.3511500000e+03 6.9697041525e-01
6.3511750000e+03 6.9700965230e-01
6.3512000000e+03 6.9704949681e-01
6.3512250000e+03 6.9708995234e-01
6.3512500000e+03 6.9713102249e-01
6.3512750000e+03 6.9717271508e-01
6.3513000000e+03 6.9721504424e-01
6.3513250000e+03 6.9725802677e-01
6.3513500000e+03 6.9730167887e-01
6.3513750000e+03 6.9734601604e-01
6.3514000000e+03 6.9739105315e-01
6.3514250000e+03 6.9743680557e-01
6.3514500000e+03 6.9748328986e-01
6.3514750000e+03 6.9753052419e-01
6.3515000000e+03 6.9757852796e-01
6.3515250000e+03 6.9762732202e-01
6.3515500000e+03 6.9767692960e-01
6.3515750000e+03 6.9772737629e-01
6.3516000000e+03 6.9777869000e-01
6.3516250000e+03 6.9783090205e-01
6.3516500000e+03 6.9788404652e-01
6.3516750000e+03 6.9793816209e-01
6.3517000000e+03 6.9799329274e-01
6.3517250000e+03 6.9804948692e-01
6.3517500000e+03 6.9810679963e-01
6.3517750000e+03 6.9816529486e-01
6.3518000000e+03 6.9822504904e-01
6.3518250000e+03 6.9828614409e-01
6.3518500000e+03 6.9834866404e-01
6.3518750000e+03 6.9841271729e-01
6.3519000000e+03 6.9847836318e-01
6.3519250000e+03 6.9854547285e-01
6.3519500000e+03 6.9861369665e-01
6.3519750000e+03 6.9868249076e-01
6.3520000000e+03 6.9875118346e-01
6.3520250000e+03 6.9881904601e-01
6.3520500000e+03 6.9888542142e-01
6.3520750000e+03 6.9894989381e-01
6.3521000000e+03 6.9901235618e-01
6.3521250000e+03 6.9907304528e-01
6.3521500000e+03 6.9913237017e-01
6.3521750000e+03 6.9919072716e-01
6.3522000000e+03 6.9924845428e-01
6.3522250000e+03 6.9930578839e-01
6.3522500000e+03 6.9936287466e-01
6.3522750000e+03 6.9941981127e-01
6.3523000000e+03 6.9947653620e-01
6.3523250000e+03 6.9953245152e-01
6.3523500000e+03 6.9958627062e-01
6.3523750000e+03 6.9963639578e-01
6.3524000000e+03 6.9968143200e-01
6.3524250000e+03 6.9972032008e-01
6.3524500000e+03 6.9975223314e-01
6.3524750000e+03 6.9977665682e-01
6.3525000000e+03 6.9979375901e-01
6.3525250000e+03 6.9980475488e-01
6.3525500000e+03 6.9981161829e-01
6.3525750000e+03 6.9981619656e-01
6.3526000000e+03 6.9981965295e-01
6.3526250000e+03 6.9982254508e-01
6.3526500000e+03 6.9982510401e-01
6.3526750000e+03 6.9982742599e-01
6.3527000000e+03 6.9982955679e-01
6.3527250000e+03 6.9983152224e-01
6.3527500000e+03 6.9983333965e-01
6.3527750000e+03 6.9983502445e-01
6.3528000000e+03 6.9983659763e-01
6.3528250000e+03 6.9983809196e-01
6.3528500000e+03 6.9983954685e-01
6.3528750000e+03 6.9984099198e-01
6.3529000000e+03 6.9984243438e-01
6.3529250000e+03 6.9984386223e-01
6.3529500000e+03 6.9984526015e-01
6.3529750000e+03 6.9984662059e-01
6.3530000000e+03 6.9984794173e-01
6.3530250000e+03 6.9984922337e-01
6.3530500000e+03 6.9985046693e-01
6.3530750000e+03 6.9985167367e-01
6.3531000000e+03 6.9985284410e-01
6.3531250000e+03 6.9985397995e-01
6.3531500000e+03 6.9985508337e-01
6.3531750000e+03 6.9985615731e-01
6.3532000000e+03 6.9985720650e-01
6.3532250000e+03 6.9985823776e-01
6.3532500000e+03 6.9985925779e-01
6.3532750000e+03 6.9986027273e-01
6.3533000000e+03 6.9986128912e-01
6.3533250000e+03 6.9986231217e-01
6.3533500000e+03 6.9986333933e-01
6.3533750000e+03 6.9986435666e-01
6.3534000000e+03 6.9986534010e-01
6.3534250000e+03 6.9986627167e-01
6.3534500000e+03 6.9986715116e-01
6.3534750000e+03 6.9986799167e-01
6.3535000000e+03 6.9986881078e-01
6.3535250000e+03 6.9986962056e-01
6.3535500000e+03 6.9987042668e-01
6.3535750000e+03 6.9987123148e-01
6.3536000000e+03 6.9987203542e-01
6.3536250000e+03 6.9987283924e-01
6.3536500000e+03 6.9987364394e-01
6.3536750000e+03 6.9987445069e-01
6.3537000000e+03 6.9987526086e-01
6.3537250000e+03 6.9987607524e-01
6.3537500000e+03 6.9987689495e-01
6.3537750000e+03 6.9987772158e-01
6.3538000000e+03 6.9987855585e-01
6.3538250000e+03 6.9987939831e-01
6.3538500000e+03 6.9988024981e-01
6.3538750000e+03 6.9988111219e-01
6.3539000000e+03 6.9988198889e-01
6.3539250000e+03 6.9988288398e-01
6.3539500000e+03 6.9988380414e-01
6.3539750000e+03 6.9988475808e-01
6.3540000000e+03 6.9988575280e-01
6.3540250000e+03 6.9988678164e-01
6.3540500000e+03 6.9988781056e-01
6.3540750000e+03 6.9988878336e-01
6.3541000000e+03 6.9988965121e-01
6.3541250000e+03 6.9989040395e-01
6.3541500000e+03 6.9989107131e-01
6.3541750000e+03 6.9989169431e-01
6.3542000000e+03 6.9989230093e-01
6.3542250000e+03 6.9989290463e-01
6.3542500000e+03 6.9989350967e-01
6.3542750000e+03 6.9989411588e-01
6.3543000000e+03 6.9989472270e-01
6.3543250000e+03 6.9989532704e-01
6.3543500000e+03 6.9989592451e-01
6.3543750000e+03 6.9989650900e-01
6.3544000000e+03 6.9989707272e-01
6.3544250000e+03 6.9989760803e-01
6.3544500000e+03 6.9989810981e-01
6.3544750000e+03 6.9989857901e-01
6.3545000000e+03 6.9989902160e-01
6.3545250000e+03 6.9989944744e-01
6.3545500000e+03 6.9989986963e-01
6.3545750000e+03 6.9990030060e-01
6.3546000000e+03 6.9990074918e-01
6.3546250000e+03 6.9990122142e-01
6.3546500000e+03 6.9990172143e-01
6.3546750000e+03 6.9990225143e-01
6.3547000000e+03 6.9990281369e-01
6.3547250000e+03 6.9990341098e-01
6.3547500000e+03 6.9990404834e-01
6.3547750000e+03 6.9990473430e-01
6.3548000000e+03 6.9990548247e-01
6.3548250000e+03 6.9990630415e-01
6.3548500000e+03 6.9990718849e-01
6.3548750000e+03 6.9990808040e-01
6.3549000000e+03 6.9990888175e-01
6.3549250000e+03 6.9990949655e-01
6.3549500000e+03 6.9990989298e-01
6.3549750000e+03 6.9991011415e-01
6.3550000000e+03 6.9991023498e-01
6.3550250000e+03 6.9991031721e-01
6.3550500000e+03 6.9991039261e-01
6.3550750000e+03 6.9991047161e-01
6.3551000000e+03 6.9991055546e-01
6.3551250000e+03 6.9991064337e-01
6.3551500000e+03 6.9991073256e-01
6.3551750000e+03 6.9991082062e-01
6.3552000000e+03 6.9991090447e-01
6.3552250000e+03 6.9991097655e-01
6.3552500000e+03 6.9991102050e-01
6.3552750000e+03 6.9991100483e-01
6.3553000000e+03 6.9991087068e-01
6.3553250000e+03 6.9991051620e-01
6.3553500000e+03 6.9990978607e-01
6.3553750000e+03 6.9990847044e-01
6.3554000000e+03 6.9990632742e-01
6.3554250000e+03 6.9990313053e-01
6.3554500000e+03 6.9989872885e-01
6.3554750000e+03 6.9989310153e-01
6.3555000000e+03 6.9988637916e-01
6.3555250000e+03 6.9987882390e-01
6.3555500000e+03 6.9987077277e-01
6.3555750000e+03 6.9986256349e-01
6.3556000000e+03 6.9985447317e-01
6.3556250000e+03 6.9984668370e-01
6.3556500000e+03 6.9983928049e-01
6.3556750000e+03 6.9983227687e-01
6.3557000000e+03 6.9982564381e-01
6.3557250000e+03 6.9981933816e-01
6.3557500000e+03 6.9981331558e-01
6.3557750000e+03 6.9980753709e-01
6.3558000000e+03 6.9980197143e-01
6.3558250000e+03 6.9979659251e-01
6.3558500000e+03 6.9979137813e-01
6.3558750000e+03 6.9978630187e-01
6.3559000000e+03 6.9978132684e-01
6.3559250000e+03 6.9977641589e-01
6.3559500000e+03 6.9977155016e-01
6.3559750000e+03 6.9976674123e-01
6.3560000000e+03 6.9976205927e-01
6.3560250000e+03 6.9975770330e-01
6.3560500000e+03 6.9975407968e-01
6.3560750000e+03 6.9975172570e-01
6.3561000000e+03 6.9975097712e-01
6.3561250000e+03 6.9975163280e-01
6.3561500000e+03 6.9975301513e-01
6.3561750000e+03 6.9975440290e-01
6.3562000000e+03 6.9975539986e-01
6.3562250000e+03 6.9975595212e-01
6.3562500000e+03 6.9975615962e-01
6.3562750000e+03 6.9975613011e-01
6.3563000000e+03 6.9975592274e-01
6.3563250000e+03 6.9975554586e-01
6.3563500000e+03 6.9975497510e-01
6.3563750000e+03 6.9975416876e-01
6.3564000000e+03 6.9975306513e-01
6.3564250000e+03 6.9975158274e-01
6.3564500000e+03 6.9974962634e-01
6.3564750000e+03 6.9974710752e-01
6.3565000000e+03 6.9974398038e-01
6.3565250000e+03 6.9974026878e-01
6.3565500000e+03 6.9973606847e-01
6.3565750000e+03 6.9973152900e-01
6.3566000000e+03 6.9972682222e-01
6.3566250000e+03 6.9972210345e-01
6.3566500000e+03 6.9971748884e-01
6.3566750000e+03 6.9971304683e-01
6.3567000000e+03 6.9970880194e-01
6.3567250000e+03 6.9970475238e-01
6.3567500000e+03 6.9970088068e-01
6.3567750000e+03 6.9969716042e-01
6.3568000000e+03 6.9969356351e-01
6.3568250000e+03 6.9969006368e-01
6.3568500000e+03 6.9968664340e-01
6.3568750000e+03 6.9968329571e-01
6.3569000000e+03 6.9968001952e-01
6.3569250000e+03 6.9967681614e-01
6.3569500000e+03 6.9967368555e-01
6.3569750000e+03 6.9967062779e-01
6.3570000000e+03 6.9966764249e-01
6.3570250000e+03 6.9966472732e-01
6.3570500000e+03 6.9966188075e-01
6.3570750000e+03 6.9965910003e-01
6.3571000000e+03 6.9965637961e-01
6.3571250000e+03 6.9965371331e-01
6.3571500000e+03 6.9965109496e-01
6.3571750000e+03 6.9964851811e-01
6.3572000000e+03 6.9964597794e-01
6.3572250000e+03 6.9964347307e-01
6.3572500000e+03 6.9964100487e-01
6.3572750000e+03 6.9963857640e-01
6.3573000000e+03 6.9963619080e-01
6.3573250000e+03 6.9963385057e-01
6.3573500000e+03 6.9963155600e-01
6.3573750000e+03 6.9962930764e-01
6.3574000000e+03 6.9962710510e-01
6.3574250000e+03 6.9962494824e-01
6.3574500000e+03 6.9962283717e-01
6.3574750000e+03 6.9962077109e-01
6.3575000000e+03 6.9961874960e-01
6.3575250000e+03 6.9961677215e-01
6.3575500000e+03 6.9961483925e-01
6.3575750000e+03 6.9961295083e-01
6.3576000000e+03 6.9961110627e-01
6.3576250000e+03 6.9960930532e-01
6.3576500000e+03 6.9960754749e-01
6.3576750000e+03 6.9960583225e-01
6.3577000000e+03 6.9960415928e-01
6.3577250000e+03 6.9960252833e-01
6.3577500000e+03 6.9960093914e-01
6.3577750000e+03 6.9959939154e-01
6.3578000000e+03 6.9959788536e-01
6.3578250000e+03 6.9959642040e-01
6.3578500000e+03 6.9959499651e-01
6.3578750000e+03 6.9959361341e-01
6.3579000000e+03 6.9959227080e-01
6.3579250000e+03 6.9959096856e-01
6.3579500000e+03 6.9958970650e-01
6.3579750000e+03 6.9958848445e-01
6.3580000000e+03 6.9958730220e-01
6.3580250000e+03 6.9958615966e-01
6.3580500000e+03 6.9958505667e-01
6.3580750000e+03 6.9958399312e-01
6.3581000000e+03 6.9958296886e-01
6.3581250000e+03 6.9958198255e-01
6.3581500000e+03 6.9958103242e-01
6.3581750000e+03 6.9958011539e-01
6.3582000000e+03 6.9957922161e-01
6.3582250000e+03 6.9957833590e-01
6.3582500000e+03 6.9957744595e-01
6.3582750000e+03 6.9957655178e-01
6.3583000000e+03 6.9957566889e-01
6.3583250000e+03 6.9957481881e-01
6.3583500000e+03 6.9957401753e-01
6.3583750000e+03 6.9957327070e-01
6.3584000000e+03 6.9957257701e-01
6.3584250000e+03 6.9957193336e-01
6.3584500000e+03 6.9957133684e-01
6.3584750000e+03 6.9957078538e-01
6.3585000000e+03 6.9957027813e-01
6.3585250000e+03 6.9956981451e-01
6.3585500000e+03 6.9956939332e-01
6.3585750000e+03 6.9956901273e-01
6.3586000000e+03 6.9956867157e-01
6.3586250000e+03 6.9956836867e-01
6.3586500000e+03 6.9956810359e-01
6.3586750000e+03 6.9956787570e-01
6.3587000000e+03 6.9956768403e-01
6.3587250000e+03 6.9956752951e-01
6.3587500000e+03 6.9956741242e-01
6.3587750000e+03 6.9956733264e-01
6.3588000000e+03 6.9956729134e-01
6.3588250000e+03 6.9956728861e-01
6.3588500000e+03 6.9956732488e-01
6.3588750000e+03 6.9956740092e-01
6.3589000000e+03 6.9956751657e-01
6.3589250000e+03 6.9956767172e-01
6.3589500000e+03 6.9956786618e-01
6.3589750000e+03 6.9956810002e-01
6.3590000000e+03 6.9956837333e-01
6.3590250000e+03 6.9956868610e-01
6.3590500000e+03 6.9956903817e-01
6.3590750000e+03 6.9956942949e-01
6.3591000000e+03 6.9956986027e-01
6.3591250000e+03 6.9957032915e-01
6.3591500000e+03 6.9957083623e-01
6.3591750000e+03 6.9957138078e-01
6.3592000000e+03 6.9957195925e-01
6.3592250000e+03 6.9957256809e-01
6.3592500000e+03 6.9957320215e-01
6.3592750000e+03 6.9957385627e-01
6.3593000000e+03 6.9957452697e-01
6.3593250000e+03 6.9957521372e-01
6.3593500000e+03 6.9957591986e-01
6.3593750000e+03 6.9957665153e-01
6.3594000000e+03 6.9957741604e-01
6.3594250000e+03 6.9957822009e-01
6.3594500000e+03 6.9957906778e-01
6.3594750000e+03 6.9957995980e-01
6.3595000000e+03 6.9958089407e-01
6.3595250000e+03 6.9958186730e-01
6.3595500000e+03 6.9958287648e-01
6.3595750000e+03 6.9958391807e-01
6.3596000000e+03 6.9958499114e-01
6.3596250000e+03 6.9958609668e-01
6.3596500000e+03 6.9958723560e-01
6.3596750000e+03 6.9958840919e-01
6.3597000000e+03 6.9958962049e-01
6.3597250000e+03 6.9959087114e-01
6.3597500000e+03 6.9959216281e-01
6.3597750000e+03 6.9959349566e-01
6.3598000000e+03 6.9959486984e-01
6.3598250000e+03 6.9959628601e-01
6.3598500000e+03 6.9959774340e-01
6.3598750000e+03 6.9959924272e-01
6.3599000000e+03 6.9960078476e-01
6.3599250000e+03 6.9960236947e-01
6.3599500000e+03 6.9960399702e-01
6.3599750000e+03 6.9960566739e-01
6.3600000000e+03 6.9960738054e-01
6.3600250000e+03 6.9960913686e-01
6.3600500000e+03 6.9961093586e-01
6.3600750000e+03 6.9961277716e-01
6.3601000000e+03 6.9961466122e-01
6.3601250000e+03 6.9961658673e-01
6.3601500000e+03 6.9961855264e-01
6.3601750000e+03 6.9962055759e-01
6.3602000000e+03 6.9962260099e-01
6.3602250000e+03 6.9962468199e-01
6.3602500000e+03 6.9962679605e-01
6.3602750000e+03 6.9962892982e-01
6.3603000000e+03 6.9963106372e-01
6.3603250000e+03 6.9963318408e-01
6.3603500000e+03 6.9963529690e-01
6.3603750000e+03 6.9963742891e-01
6.3604000000e+03 6.9963961010e-01
6.3604250000e+03 6.9964185667e-01
6.3604500000e+03 6.9964417215e-01
6.3604750000e+03 6.9964655384e-01
6.3605000000e+03 6.9964899729e-01
6.3605250000e+03 6.9965150091e-01
6.3605500000e+03 6.9965406418e-01
6.3605750000e+03 6.9965668586e-01
6.3606000000e+03 6.9965936619e-01
6.3606250000e+03 6.9966210698e-01
6.3606500000e+03 6.9966490872e-01
6.3606750000e+03 6.9966777344e-01
6.3607000000e+03 6.9967070245e-01
6.3607250000e+03 6.9967369524e-01
6.3607500000e+03 6.9967674944e-01
6.3607750000e+03 6.9967985875e-01
6.3608000000e+03 6.9968301364e-01
6.3608250000e+03 6.9968620287e-01
6.3608500000e+03 6.9968941634e-01
6.3608750000e+03 6.9969264668e-01
6.3609000000e+03 6.9969589143e-01
6.3609250000e+03 6.9969915436e-01
6.3609500000e+03 6.9970244254e-01
6.3609750000e+03 6.9970576374e-01
6.3610000000e+03 6.9970912626e-01
6.3610250000e+03 6.9971253721e-01
6.3610500000e+03 6.9971600128e-01
6.3610750000e+03 6.9971952312e-01
6.3611000000e+03 6.9972310608e-01
6.3611250000e+03 6.9972675434e-01
6.3611500000e+03 6.9973047116e-01
6.3611750000e+03 6.9973425957e-01
6.3612000000e+03 6.9973812301e-01
6.3612250000e+03 6.9974206359e-01
6.3612500000e+03 6.9974608339e-01
6.3612750000e+03 6.9975018673e-01
6.3613000000e+03 6.9975438327e-01
6.3613250000e+03 6.9975870098e-01
6.3613500000e+03 6.9976320169e-01
6.3613750000e+03 6.9976798685e-01
6.3614000000e+03 6.9977315282e-01
6.3614250000e+03 6.9977871735e-01
6.3614500000e+03 6.9978458873e-01
6.3614750000e+03 6.9979062814e-01
6.3615000000e+03 6.9979673937e-01
6.3615250000e+03 6.9980290002e-01
6.3615500000e+03 6.9980913947e-01
6.3615750000e+03 6.9981550552e-01
6.3616000000e+03 6.9982204791e-01
6.3616250000e+03 6.9982881730e-01
6.3616500000e+03 6.9983586682e-01
6.3616750000e+03 6.9984325104e-01
6.3617000000e+03 6.9985101809e-01
6.3617250000e+03 6.9985919029e-01
6.3617500000e+03 6.9986772818e-01
6.3617750000e+03 6.9987648063e-01
6.3618000000e+03 6.9988515303e-01
6.3618250000e+03 6.9989334350e-01
6.3618500000e+03 6.9990064688e-01
6.3618750000e+03 6.9990676743e-01
6.3619000000e+03 6.9991157848e-01
6.3619250000e+03 6.9991512052e-01
6.3619500000e+03 6.9991756123e-01
6.3619750000e+03 6.9991913623e-01
6.3620000000e+03 6.9992009011e-01
6.3620250000e+03 6.9992062999e-01
6.3620500000e+03 6.9992090775e-01
6.3620750000e+03 6.9992101900e-01
6.3621000000e+03 6.9992101735e-01
6.3621250000e+03 6.9992092987e-01
6.3621500000e+03 6.9992076561e-01
6.3621750000e+03 6.9992052639e-01
6.3622000000e+03 6.9992020774e-01
6.3622250000e+03 6.9991979806e-01
6.3622500000e+03 6.9991928143e-01
6.3622750000e+03 6.9991863615e-01
6.3623000000e+03 6.9991782994e-01
6.3623250000e+03 6.9991680937e-01
6.3623500000e+03 6.9991548399e-01
6.3623750000e+03 6.9991372972e-01
6.3624000000e+03 6.9991146266e-01
6.3624250000e+03 6.9990881686e-01
6.3624500000e+03 6.9990630534e-01
6.3624750000e+03 6.9990470171e-01
6.3625000000e+03 6.9990459947e-01
6.3625250000e+03 6.9990604883e-01
6.3625500000e+03 6.9990862885e-01
6.3625750000e+03 6.9991182261e-01
6.3626000000e+03 6.9991529074e-01
6.3626250000e+03 6.9991888942e-01
6.3626500000e+03 6.9992258899e-01
6.3626750000e+03 6.9992640370e-01
6.3627000000e+03 6.9993035898e-01
6.3627250000e+03 6.9993447838e-01
6.3627500000e+03 6.9993877328e-01
6.3627750000e+03 6.9994322696e-01
6.3628000000e+03 6.9994778184e-01
6.3628250000e+03 6.9995233245e-01
6.3628500000e+03 6.9995673007e-01
6.3628750000e+03 6.9996080663e-01
6.3629000000e+03 6.9996441088e-01
6.3629250000e+03 6.9996744212e-01
6.3629500000e+03 6.9996986841e-01
6.3629750000e+03 6.9997172846e-01
6.3630000000e+03 6.9997310097e-01
6.3630250000e+03 6.9997406942e-01
6.3630500000e+03 6.9997470376e-01
6.3630750000e+03 6.9997506310e-01
6.3631000000e+03 6.9997521582e-01
6.3631250000e+03 6.9997523815e-01
6.3631500000e+03 6.9997519114e-01
6.3631750000e+03 6.9997511011e-01
6.3632000000e+03 6.9997501725e-01
6.3632250000e+03 6.9997493088e-01
6.3632500000e+03 6.9997486525e-01
6.3632750000e+03 6.9997482286e-01
6.3633000000e+03 6.9997480025e-01
6.3633250000e+03 6.9997479237e-01
6.3633500000e+03 6.9997479437e-01
6.3633750000e+03 6.9997480492e-01
6.3634000000e+03 6.9997482233e-01
6.3634250000e+03 6.9997484571e-01
6.3634500000e+03 6.9997487437e-01
6.3634750000e+03 6.9997490708e-01
6.3635000000e+03 6.9997494282e-01
6.3635250000e+03 6.9997498146e-01
6.3635500000e+03 6.9997502313e-01
6.3635750000e+03 6.9997506708e-01
6.3636000000e+03 6.9997511302e-01
6.3636250000e+03 6.9997515922e-01
6.3636500000e+03 6.9997520427e-01
6.3636750000e+03 6.9997524689e-01
6.3637000000e+03 6.9997528442e-01
6.3637250000e+03 6.9997531446e-01
6.3637500000e+03 6.9997533598e-01
6.3637750000e+03 6.9997534952e-01
6.3638000000e+03 6.9997535641e-01
6.3638250000e+03 6.9997535758e-01
6.3638500000e+03 6.9997535258e-01
6.3638750000e+03 6.9997533827e-01
6.3639000000e+03 6.9997530957e-01
6.3639250000e+03 6.9997526438e-01
6.3639500000e+03 6.9997520324e-01
6.3639750000e+03 6.9997512906e-01
6.3640000000e+03 6.9997504491e-01
6.3640250000e+03 6.9997495289e-01
6.3640500000e+03 6.9997485344e-01
6.3640750000e+03 6.9997474903e-01
6.3641000000e+03 6.9997464466e-01
6.3641250000e+03 6.9997454444e-01
6.3641500000e+03 6.9997444863e-01
6.3641750000e+03 6.9997434746e-01
6.3642000000e+03 6.9997421676e-01
6.3642250000e+03 6.9997401710e-01
6.3642500000e+03 6.9997371377e-01
6.3642750000e+03 6.9997330559e-01
6.3643000000e+03 6.9997283215e-01
6.3643250000e+03 6.9997235001e-01
6.3643500000e+03 6.9997189862e-01
6.3643750000e+03 6.9997148965e-01
6.3644000000e+03 6.9997111859e-01
6.3644250000e+03 6.9997077779e-01
6.3644500000e+03 6.9997046185e-01
6.3644750000e+03 6.9997016776e-01
6.3645000000e+03 6.9996989467e-01
6.3645250000e+03 6.9996964299e-01
6.3645500000e+03 6.9996941398e-01
6.3645750000e+03 6.9996920601e-01
6.3646000000e+03 6.9996900791e-01
6.3646250000e+03 6.9996879915e-01
6.3646500000e+03 6.9996855768e-01
6.3646750000e+03 6.9996827300e-01
6.3647000000e+03 6.9996794911e-01
6.3647250000e+03 6.9996759902e-01
6.3647500000e+03 6.9996723559e-01
6.3647750000e+03 6.9996686535e-01
6.3648000000e+03 6.9996649202e-01
6.3648250000e+03 6.9996611592e-01
6.3648500000e+03 6.9996573624e-01
6.3648750000e+03 6.9996535221e-01
6.3649000000e+03 6.9996496447e-01
6.3649250000e+03 6.9996457396e-01
6.3649500000e+03 6.9996418371e-01
6.3649750000e+03 6.9996379680e-01
6.3650000000e+03 6.9996341434e-01
6.3650250000e+03 6.9996303715e-01
6.3650500000e+03 6.9996266613e-01
6.3650750000e+03 6.9996230058e-01
6.3651000000e+03 6.9996193942e-01
6.3651250000e+03 6.9996158321e-01
6.3651500000e+03 6.9996123156e-01
6.3651750000e+03 6.9996088414e-01
6.3652000000e+03 6.9996054098e-01
6.3652250000e+03 6.9996020167e-01
6.3652500000e+03 6.9995986614e-01
6.3652750000e+03 6.9995953443e-01
6.3653000000e+03 6.9995920637e-01
6.3653250000e+03 6.9995888192e-01
6.3653500000e+03 6.9995856120e-01
6.3653750000e+03 6.9995824429e-01
6.3654000000e+03 6.9995793142e-01
6.3654250000e+03 6.9995762299e-01
6.3654500000e+03 6.9995731921e-01
6.3654750000e+03 6.9995702137e-01
6.3655000000e+03 6.9995672987e-01
6.3655250000e+03 6.9995644569e-01
6.3655500000e+03 6.9995616910e-01
6.3655750000e+03 6.9995589876e-01
6.3656000000e+03 6.9995562979e-01
6.3656250000e+03 6.9995535593e-01
6.3656500000e+03 6.9995506734e-01
6.3656750000e+03 6.9995475190e-01
6.3657000000e+03 6.9995439863e-01
6.3657250000e+03 6.9995400148e-01
6.3657500000e+03 6.9995355947e-01
6.3657750000e+03 6.9995307841e-01
6.3658000000e+03 6.9995256820e-01
6.3658250000e+03 6.9995204129e-01
6.3658500000e+03 6.9995150801e-01
6.3658750000e+03 6.9995097488e-01
6.3659000000e+03 6.9995044542e-01
6.3659250000e+03 6.9994992183e-01
6.3659500000e+03 6.9994940378e-01
6.3659750000e+03 6.9994889093e-01
6.3660000000e+03 6.9994838269e-01
6.3660250000e+03 6.9994787801e-01
6.3660500000e+03 6.9994737589e-01
6.3660750000e+03 6.9994687637e-01
6.3661000000e+03 6.9994637995e-01
6.3661250000e+03 6.9994588737e-01
6.3661500000e+03 6.9994539831e-01
6.3661750000e+03 6.9994491232e-01
6.3662000000e+03 6.9994442979e-01
6.3662250000e+03 6.9994395438e-01
6.3662500000e+03 6.9994349621e-01
6.3662750000e+03 6.9994308453e-01
6.3663000000e+03 6.9994277725e-01
6.3663250000e+03 6.9994264699e-01
6.3663500000e+03 6.9994273624e-01
6.3663750000e+03 6.9994301269e-01
6.3664000000e+03 6.9994338059e-01
6.3664250000e+03 6.9994374066e-01
6.3664500000e+03 6.9994403744e-01
6.3664750000e+03 6.9994426175e-01
6.3665000000e+03 6.9994442577e-01
6.3665250000e+03 6.9994454601e-01
6.3665500000e+03 6.9994463687e-01
6.3665750000e+03 6.9994470996e-01
6.3666000000e+03 6.9994477342e-01
6.3666250000e+03 6.9994483433e-01
6.3666500000e+03 6.9994489208e-01
6.3666750000e+03 6.9994492653e-01
6.3667000000e+03 6.9994489569e-01
6.3667250000e+03 6.9994474814e-01
6.3667500000e+03 6.9994444885e-01
6.3667750000e+03 6.9994400523e-01
6.3668000000e+03 6.9994346060e-01
6.3668250000e+03 6.9994286578e-01
6.3668500000e+03 6.9994225053e-01
6.3668750000e+03 6.9994161285e-01
6.3669000000e+03 6.9994093915e-01
6.3669250000e+03 6.9994022685e-01
6.3669500000e+03 6.9993949006e-01
6.3669750000e+03 6.9993875026e-01
6.3670000000e+03 6.9993802201e-01
6.3670250000e+03 6.9993730911e-01
6.3670500000e+03 6.9993660830e-01
6.3670750000e+03 6.9993591556e-01
6.3671000000e+03 6.9993522756e-01
6.3671250000e+03 6.9993454115e-01
6.3671500000e+03 6.9993385450e-01
6.3671750000e+03 6.9993316636e-01
6.3672000000e+03 6.9993247545e-01
6.3672250000e+03 6.9993178075e-01
6.3672500000e+03 6.9993108166e-01
6.3672750000e+03 6.9993037798e-01
6.3673000000e+03 6.9992966909e-01
6.3673250000e+03 6.9992895421e-01
6.3673500000e+03 6.9992823178e-01
6.3673750000e+03 6.9992750050e-01
6.3674000000e+03 6.9992675882e-01
6.3674250000e+03 6.9992600391e-01
6.3674500000e+03 6.9992523372e-01
6.3674750000e+03 6.9992444579e-01
6.3675000000e+03 6.9992363793e-01
6.3675250000e+03 6.9992280793e-01
6.3675500000e+03 6.9992195252e-01
6.3675750000e+03 6.9992106822e-01
6.3676000000e+03 6.9992015009e-01
6.3676250000e+03 6.9991919059e-01
6.3676500000e+03 6.9991817735e-01
6.3676750000e+03 6.9991709104e-01
6.3677000000e+03 6.9991591097e-01
6.3677250000e+03 6.9991463442e-01
6.3677500000e+03 6.9991331333e-01
6.3677750000e+03 6.9991207006e-01
6.3678000000e+03 6.9991104971e-01
6.3678250000e+03 6.9991033078e-01
6.3678500000e+03 6.9990987943e-01
6.3678750000e+03 6.9990959261e-01
6.3679000000e+03 6.9990936954e-01
6.3679250000e+03 6.9990914600e-01
6.3679500000e+03 6.9990889313e-01
6.3679750000e+03 6.9990860401e-01
6.3680000000e+03 6.9990828316e-01
6.3680250000e+03 6.9990793642e-01
6.3680500000e+03 6.9990756127e-01
6.3680750000e+03 6.9990715019e-01
6.3681000000e+03 6.9990670635e-01
6.3681250000e+03 6.9990626382e-01
6.3681500000e+03 6.9990588965e-01
6.3681750000e+03 6.9990564931e-01
6.3682000000e+03 6.9990556540e-01
6.3682250000e+03 6.9990560594e-01
6.3682500000e+03 6.9990571413e-01
6.3682750000e+03 6.9990584689e-01
6.3683000000e+03 6.9990598469e-01
6.3683250000e+03 6.9990612519e-01
6.3683500000e+03 6.9990627249e-01
6.3683750000e+03 6.9990643056e-01
6.3684000000e+03 6.9990660179e-01
6.3684250000e+03 6.9990678549e-01
6.3684500000e+03 6.9990698109e-01
6.3684750000e+03 6.9990718808e-01
6.3685000000e+03 6.9990740537e-01
6.3685250000e+03 6.9990763109e-01
6.3685500000e+03 6.9990786251e-01
6.3685750000e+03 6.9990809868e-01
6.3686000000e+03 6.9990833998e-01
6.3686250000e+03 6.9990858702e-01
6.3686500000e+03 6.9990884032e-01
6.3686750000e+03 6.9990910094e-01
6.3687000000e+03 6.9990936955e-01
6.3687250000e+03 6.9990964599e-01
6.3687500000e+03 6.9990993034e-01
6.3687750000e+03 6.9991022266e-01
6.3688000000e+03 6.9991052311e-01
6.3688250000e+03 6.9991083174e-01
6.3688500000e+03 6.9991114861e-01
6.3688750000e+03 6.9991147384e-01
6.3689000000e+03 6.9991180769e-01
6.3689250000e+03 6.9991215023e-01
6.3689500000e+03 6.9991250164e-01
6.3689750000e+03 6.9991286229e-01
6.3690000000e+03 6.9991323189e-01
6.3690250000e+03 6.9991360999e-01
6.3690500000e+03 6.9991399714e-01
6.3690750000e+03 6.9991439414e-01
6.3691000000e+03 6.9991480165e-01
6.3691250000e+03 6.9991522106e-01
6.3691500000e+03 6.9991565377e-01
6.3691750000e+03 6.9991610052e-01
6.3692000000e+03 6.9991656234e-01
6.3692250000e+03 6.9991704089e-01
6.3692500000e+03 6.9991753816e-01
6.3692750000e+03 6.9991805693e-01
6.3693000000e+03 6.9991860191e-01
6.3693250000e+03 6.9991917940e-01
6.3693500000e+03 6.9991979775e-01
6.3693750000e+03 6.9992046604e-01
6.3694000000e+03 6.9992118139e-01
6.3694250000e+03 6.9992191531e-01
6.3694500000e+03 6.9992261544e-01
6.3694750000e+03 6.9992323048e-01
6.3695000000e+03 6.9992373783e-01
6.3695250000e+03 6.9992414492e-01
6.3695500000e+03 6.9992446858e-01
6.3695750000e+03 6.9992472311e-01
6.3696000000e+03 6.9992492410e-01
6.3696250000e+03 6.9992508981e-01
6.3696500000e+03 6.9992523820e-01
6.3696750000e+03 6.9992538084e-01
6.3697000000e+03 6.9992552335e-01
6.3697250000e+03 6.9992566752e-01
6.3697500000e+03 6.9992581344e-01
6.3697750000e+03 6.9992596175e-01
6.3698000000e+03 6.9992611178e-01
6.3698250000e+03 6.9992626279e-01
6.3698500000e+03 6.9992641466e-01
6.3698750000e+03 6.9992656651e-01
6.3699000000e+03 6.9992671776e-01
6.3699250000e+03 6.9992686818e-01
6.3699500000e+03 6.9992701643e-01
6.3699750000e+03 6.9992716069e-01
6.3700000000e+03 6.9992729770e-01
6.3700250000e+03 6.9992741711e-01
6.3700500000e+03 6.9992748963e-01
6.3700750000e+03 6.9992744563e-01
6.3701000000e+03 6.9992716674e-01
6.3701250000e+03 6.9992650864e-01
6.3701500000e+03 6.9992530906e-01
6.3701750000e+03 6.9992326705e-01
6.3702000000e+03 6.9991967390e-01
6.3702250000e+03 6.9991327507e-01
6.3702500000e+03 6.9990261110e-01
6.3702750000e+03 6.9988665093e-01
6.3703000000e+03 6.9986517354e-01
6.3703250000e+03 6.9983872612e-01
6.3703500000e+03 6.9980845119e-01
6.3703750000e+03 6.9977596509e-01
6.3704000000e+03 6.9974309201e-01
6.3704250000e+03 6.9971134785e-01
6.3704500000e+03 6.9968151522e-01
6.3704750000e+03 6.9965367710e-01
6.3705000000e+03 6.9962756273e-01
6.3705250000e+03 6.9960284568e-01
6.3705500000e+03 6.9957926623e-01
6.3705750000e+03 6.9955663663e-01
6.3706000000e+03 6.9953480663e-01
6.3706250000e+03 6.9951363568e-01
6.3706500000e+03 6.9949299796e-01
6.3706750000e+03 6.9947280451e-01
6.3707000000e+03 6.9945301526e-01
6.3707250000e+03 6.9943362487e-01
6.3707500000e+03 6.9941463417e-01
6.3707750000e+03 6.9939603511e-01
6.3708000000e+03 6.9937781243e-01
6.3708250000e+03 6.9935994802e-01
6.3708500000e+03 6.9934242406e-01
6.3708750000e+03 6.9932522519e-01
6.3709000000e+03 6.9930833829e-01
6.3709250000e+03 6.9929175053e-01
6.3709500000e+03 6.9927545060e-01
6.3709750000e+03 6.9925942898e-01
6.3710000000e+03 6.9924367631e-01
6.3710250000e+03 6.9922818508e-01
6.3710500000e+03 6.9921294766e-01
6.3710750000e+03 6.9919795589e-01
6.3711000000e+03 6.9918320211e-01
6.3711250000e+03 6.9916867903e-01
6.3711500000e+03 6.9915437937e-01
6.3711750000e+03 6.9914029684e-01
6.3712000000e+03 6.9912642756e-01
6.3712250000e+03 6.9911276555e-01
6.3712500000e+03 6.9909930491e-01
6.3712750000e+03 6.9908603745e-01
6.3713000000e+03 6.9907295199e-01
6.3713250000e+03 6.9906003545e-01
6.3713500000e+03 6.9904728055e-01
6.3713750000e+03 6.9903468896e-01
6.3714000000e+03 6.9902226954e-01
6.3714250000e+03 6.9901003253e-01
6.3714500000e+03 6.9899798456e-01
6.3714750000e+03 6.9898612547e-01
6.3715000000e+03 6.9897445119e-01
6.3715250000e+03 6.9896295949e-01
6.3715500000e+03 6.9895164666e-01
6.3715750000e+03 6.9894050959e-01
6.3716000000e+03 6.9892954612e-01
6.3716250000e+03 6.9891875403e-01
6.3716500000e+03 6.9890813078e-01
6.3716750000e+03 6.9889767382e-01
6.3717000000e+03 6.9888738168e-01
6.3717250000e+03 6.9887725293e-01
6.3717500000e+03 6.9886728747e-01
6.3717750000e+03 6.9885748554e-01
6.3718000000e+03 6.9884784576e-01
6.3718250000e+03 6.9883836677e-01
6.3718500000e+03 6.9882904864e-01
6.3718750000e+03 6.9881989069e-01
6.3719000000e+03 6.9881089224e-01
6.3719250000e+03 6.9880205335e-01
6.3719500000e+03 6.9879337330e-01
6.3719750000e+03 6.9878485198e-01
6.3720000000e+03 6.9877648692e-01
6.3720250000e+03 6.9876827566e-01
6.3720500000e+03 6.9876021199e-01
6.3720750000e+03 6.9875228907e-01
6.3721000000e+03 6.9874449923e-01
6.3721250000e+03 6.9873683593e-01
6.3721500000e+03 6.9872929488e-01
6.3721750000e+03 6.9872187539e-01
6.3722000000e+03 6.9871457770e-01
6.3722250000e+03 6.9870740514e-01
6.3722500000e+03 6.9870036025e-01
6.3722750000e+03 6.9869344480e-01
6.3723000000e+03 6.9868665641e-01
6.3723250000e+03 6.9867998505e-01
6.3723500000e+03 6.9867340413e-01
6.3723750000e+03 6.9866687574e-01
6.3724000000e+03 6.9866037395e-01
6.3724250000e+03 6.9865390786e-01
6.3724500000e+03 6.9864752337e-01
6.3724750000e+03 6.9864126908e-01
6.3725000000e+03 6.9863517170e-01
6.3725250000e+03 6.9862923460e-01
6.3725500000e+03 6.9862344645e-01
6.3725750000e+03 6.9861779245e-01
6.3726000000e+03 6.9861225700e-01
6.3726250000e+03 6.9860682264e-01
6.3726500000e+03 6.9860147227e-01
6.3726750000e+03 6.9859620937e-01
6.3727000000e+03 6.9859108083e-01
6.3727250000e+03 6.9858618124e-01
6.3727500000e+03 6.9858160762e-01
6.3727750000e+03 6.9857739881e-01
6.3728000000e+03 6.9857351801e-01
6.3728250000e+03 6.9856989368e-01
6.3728500000e+03 6.9856646620e-01
6.3728750000e+03 6.9856320005e-01
6.3729000000e+03 6.9856008087e-01
6.3729250000e+03 6.9855710448e-01
6.3729500000e+03 6.9855427283e-01
6.3729750000e+03 6.9855159090e-01
6.3730000000e+03 6.9854906232e-01
6.3730250000e+03 6.9854669363e-01
6.3730500000e+03 6.9854449212e-01
6.3730750000e+03 6.9854246177e-01
6.3731000000e+03 6.9854059611e-01
6.3731250000e+03 6.9853886997e-01
6.3731500000e+03 6.9853724303e-01
6.3731750000e+03 6.9853568679e-01
6.3732000000e+03 6.9853420113e-01
6.3732250000e+03 6.9853280897e-01
6.3732500000e+03 6.9853152966e-01
6.3732750000e+03 6.9853036069e-01
6.3733000000e+03 6.9852928610e-01
6.3733250000e+03 6.9852829426e-01
6.3733500000e+03 6.9852738987e-01
6.3733750000e+03 6.9852658975e-01
6.3734000000e+03 6.9852590947e-01
6.3734250000e+03 6.9852535912e-01
6.3734500000e+03 6.9852494221e-01
6.3734750000e+03 6.9852466096e-01
6.3735000000e+03 6.9852451677e-01
6.3735250000e+03 6.9852450811e-01
6.3735500000e+03 6.9852463444e-01
6.3735750000e+03 6.9852489492e-01
6.3736000000e+03 6.9852528848e-01
6.3736250000e+03 6.9852581177e-01
6.3736500000e+03 6.9852646249e-01
6.3736750000e+03 6.9852724143e-01
6.3737000000e+03 6.9852815125e-01
6.3737250000e+03 6.9852919544e-01
6.3737500000e+03 6.9853037764e-01
6.3737750000e+03 6.9853169936e-01
6.3738000000e+03 6.9853316035e-01
6.3738250000e+03 6.9853475988e-01
6.3738500000e+03 6.9853649846e-01
6.3738750000e+03 6.9853837550e-01
6.3739000000e+03 6.9854039065e-01
6.3739250000e+03 6.9854254430e-01
6.3739500000e+03 6.9854483470e-01
6.3739750000e+03 6.9854727999e-01
6.3740000000e+03 6.9854987695e-01
6.3740250000e+03 6.9855262227e-01
6.3740500000e+03 6.9855551503e-01
6.3740750000e+03 6.9855855475e-01
6.3741000000e+03 6.9856174133e-01
6.3741250000e+03 6.9856507488e-01
6.3741500000e+03 6.9856855557e-01
6.3741750000e+03 6.9857218397e-01
6.3742000000e+03 6.9857596119e-01
6.3742250000e+03 6.9857988928e-01
6.3742500000e+03 6.9858396998e-01
6.3742750000e+03 6.9858820345e-01
6.3743000000e+03 6.9859258603e-01
6.3743250000e+03 6.9859710809e-01
6.3743500000e+03 6.9860175768e-01
6.3743750000e+03 6.9860652709e-01
6.3744000000e+03 6.9861141854e-01
6.3744250000e+03 6.9861644079e-01
6.3744500000e+03 6.9862160249e-01
6.3744750000e+03 6.9862690937e-01
6.3745000000e+03 6.9863236387e-01
6.3745250000e+03 6.9863796779e-01
6.3745500000e+03 6.9864372273e-01
6.3745750000e+03 6.9864962854e-01
6.3746000000e+03 6.9865568477e-01
6.3746250000e+03 6.9866188722e-01
6.3746500000e+03 6.9866822979e-01
6.3746750000e+03 6.9867470725e-01
6.3747000000e+03 6.9868131694e-01
6.3747250000e+03 6.9868806078e-01
6.3747500000e+03 6.9869494298e-01
6.3747750000e+03 6.9870196867e-01
6.3748000000e+03 6.9870914207e-01
6.3748250000e+03 6.9871646511e-01
6.3748500000e+03 6.9872393948e-01
6.3748750000e+03 6.9873156589e-01
6.3749000000e+03 6.9873934495e-01
6.3749250000e+03 6.9874727723e-01
6.3749500000e+03 6.9875536342e-01
6.3749750000e+03 6.9876360411e-01
6.3750000000e+03 6.9877200006e-01
