# Component: secondary
# Region: (6330.0,6375.0)
# KOREL: False
# Parameters: {'rv': -99.9753261321, 'teff': 18000.0, 'vrot': 50.0, 'logg': 4.2, 'lr': 0.3, 'z': 1.0}
6.3300000000e+03 2.9971188423e-01
6.3300250000e+03 2.9971292208e-01
6.3300500000e+03 2.9971410612e-01
6.3300750000e+03 2.9971544285e-01
6.3301000000e+03 2.9971696219e-01
6.3301250000e+03 2.9971870539e-01
6.3301500000e+03 2.9972070110e-01
6.3301750000e+03 2.9972295762e-01
6.3302000000e+03 2.9972547224e-01
6.3302250000e+03 2.9972824179e-01
6.3302500000e+03 2.9973126490e-01
6.3302750000e+03 2.9973454147e-01
6.3303000000e+03 2.9973807244e-01
6.3303250000e+03 2.9974185909e-01
6.3303500000e+03 2.9974590438e-01
6.3303750000e+03 2.9975021228e-01
6.3304000000e+03 2.9975478639e-01
6.3304250000e+03 2.9975963112e-01
6.3304500000e+03 2.9976475149e-01
6.3304750000e+03 2.9977015395e-01
6.3305000000e+03 2.9977584596e-01
6.3305250000e+03 2.9978183554e-01
6.3305500000e+03 2.9978813273e-01
6.3305750000e+03 2.9979474990e-01
6.3306000000e+03 2.9980170201e-01
6.3306250000e+03 2.9980900565e-01
6.3306500000e+03 2.9981668021e-01
6.3306750000e+03 2.9982475041e-01
6.3307000000e+03 2.9983324995e-01
6.3307250000e+03 2.9984223251e-01
6.3307500000e+03 2.9985178589e-01
6.3307750000e+03 2.9986205284e-01
6.3308000000e+03 2.9987326139e-01
6.3308250000e+03 2.9988567461e-01
6.3308500000e+03 2.9989925210e-01
6.3308750000e+03 2.9991307088e-01
6.3309000000e+03 2.9992529302e-01
6.3309250000e+03 2.9993427131e-01
6.3309500000e+03 2.9993977597e-01
6.3309750000e+03 2.9994290180e-01
6.3310000000e+03 2.9994496949e-01
6.3310250000e+03 2.9994678917e-01
6.3310500000e+03 2.9994866672e-01
6.3310750000e+03 2.9995056471e-01
6.3311000000e+03 2.9995190012e-01
6.3311250000e+03 2.9995080460e-01
6.3311500000e+03 2.9994301879e-01
6.3311750000e+03 2.9992112040e-01
6.3312000000e+03 2.9987534346e-01
6.3312250000e+03 2.9979664018e-01
6.3312500000e+03 2.9968039085e-01
6.3312750000e+03 2.9952842096e-01
6.3313000000e+03 2.9934878189e-01
6.3313250000e+03 2.9915375829e-01
6.3313500000e+03 2.9895649410e-01
6.3313750000e+03 2.9876715238e-01
6.3314000000e+03 2.9859062048e-01
6.3314250000e+03 2.9842726218e-01
6.3314500000e+03 2.9827535101e-01
6.3314750000e+03 2.9813292853e-01
6.3315000000e+03 2.9799849416e-01
6.3315250000e+03 2.9787101790e-01
6.3315500000e+03 2.9774979147e-01
6.3315750000e+03 2.9763430188e-01
6.3316000000e+03 2.9752415711e-01
6.3316250000e+03 2.9741904778e-01
6.3316500000e+03 2.9731872879e-01
6.3316750000e+03 2.9722300703e-01
6.3317000000e+03 2.9713172740e-01
6.3317250000e+03 2.9704475855e-01
6.3317500000e+03 2.9696198256e-01
6.3317750000e+03 2.9688329375e-01
6.3318000000e+03 2.9680860074e-01
6.3318250000e+03 2.9673782406e-01
6.3318500000e+03 2.9667089408e-01
6.3318750000e+03 2.9660775001e-01
6.3319000000e+03 2.9654833848e-01
6.3319250000e+03 2.9649261242e-01
6.3319500000e+03 2.9644053079e-01
6.3319750000e+03 2.9639205712e-01
6.3320000000e+03 2.9634715914e-01
6.3320250000e+03 2.9630580854e-01
6.3320500000e+03 2.9626797833e-01
6.3320750000e+03 2.9623364262e-01
6.3321000000e+03 2.9620277802e-01
6.3321250000e+03 2.9617535892e-01
6.3321500000e+03 2.9615134921e-01
6.3321750000e+03 2.9613070245e-01
6.3322000000e+03 2.9611337959e-01
6.3322250000e+03 2.9609937030e-01
6.3322500000e+03 2.9608869073e-01
6.3322750000e+03 2.9608136249e-01
6.3323000000e+03 2.9607739828e-01
6.3323250000e+03 2.9607680197e-01
6.3323500000e+03 2.9607957322e-01
6.3323750000e+03 2.9608570925e-01
6.3324000000e+03 2.9609520462e-01
6.3324250000e+03 2.9610805098e-01
6.3324500000e+03 2.9612424094e-01
6.3324750000e+03 2.9614377960e-01
6.3325000000e+03 2.9616669335e-01
6.3325250000e+03 2.9619301978e-01
6.3325500000e+03 2.9622278258e-01
6.3325750000e+03 2.9625598058e-01
6.3326000000e+03 2.9629261057e-01
6.3326250000e+03 2.9633269319e-01
6.3326500000e+03 2.9637627355e-01
6.3326750000e+03 2.9642340492e-01
6.3327000000e+03 2.9647413499e-01
6.3327250000e+03 2.9652850487e-01
6.3327500000e+03 2.9658655478e-01
6.3327750000e+03 2.9664832708e-01
6.3328000000e+03 2.9671386701e-01
6.3328250000e+03 2.9678322432e-01
6.3328500000e+03 2.9685645812e-01
6.3328750000e+03 2.9693364270e-01
6.3329000000e+03 2.9701486791e-01
6.3329250000e+03 2.9710023686e-01
6.3329500000e+03 2.9718986623e-01
6.3329750000e+03 2.9728389047e-01
6.3330000000e+03 2.9738246716e-01
6.3330250000e+03 2.9748578379e-01
6.3330500000e+03 2.9759406725e-01
6.3330750000e+03 2.9770759712e-01
6.3331000000e+03 2.9782672576e-01
6.3331250000e+03 2.9795190874e-01
6.3331500000e+03 2.9808376211e-01
6.3331750000e+03 2.9822316757e-01
6.3332000000e+03 2.9837143302e-01
6.3332250000e+03 2.9853039417e-01
6.3332500000e+03 2.9870202471e-01
6.3332750000e+03 2.9888696207e-01
6.3333000000e+03 2.9908209052e-01
6.3333250000e+03 2.9927895866e-01
6.3333500000e+03 2.9946504762e-01
6.3333750000e+03 2.9962736655e-01
6.3334000000e+03 2.9975614277e-01
6.3334250000e+03 2.9984736976e-01
6.3334500000e+03 2.9990374428e-01
6.3334750000e+03 2.9993340666e-01
6.3335000000e+03 2.9994647328e-01
6.3335250000e+03 2.9995125883e-01
6.3335500000e+03 2.9995270656e-01
6.3335750000e+03 2.9995305577e-01
6.3336000000e+03 2.9995310728e-01
6.3336250000e+03 2.9995309640e-01
6.3336500000e+03 2.9995308151e-01
6.3336750000e+03 2.9995307738e-01
6.3337000000e+03 2.9995308496e-01
6.3337250000e+03 2.9995309534e-01
6.3337500000e+03 2.9995309247e-01
6.3337750000e+03 2.9995306177e-01
6.3338000000e+03 2.9995300091e-01
6.3338250000e+03 2.9995291583e-01
6.3338500000e+03 2.9995278789e-01
6.3338750000e+03 2.9995250340e-01
6.3339000000e+03 2.9995176818e-01
6.3339250000e+03 2.9995014863e-01
6.3339500000e+03 2.9994737002e-01
6.3339750000e+03 2.9994363372e-01
6.3340000000e+03 2.9993952448e-01
6.3340250000e+03 2.9993557219e-01
6.3340500000e+03 2.9993198410e-01
6.3340750000e+03 2.9992873596e-01
6.3341000000e+03 2.9992575038e-01
6.3341250000e+03 2.9992297149e-01
6.3341500000e+03 2.9992036721e-01
6.3341750000e+03 2.9991791799e-01
6.3342000000e+03 2.9991560936e-01
6.3342250000e+03 2.9991343022e-01
6.3342500000e+03 2.9991137267e-01
6.3342750000e+03 2.9990942949e-01
6.3343000000e+03 2.9990759462e-01
6.3343250000e+03 2.9990586403e-01
6.3343500000e+03 2.9990423473e-01
6.3343750000e+03 2.9990270421e-01
6.3344000000e+03 2.9990127062e-01
6.3344250000e+03 2.9989993291e-01
6.3344500000e+03 2.9989869099e-01
6.3344750000e+03 2.9989754505e-01
6.3345000000e+03 2.9989649473e-01
6.3345250000e+03 2.9989553554e-01
6.3345500000e+03 2.9989465420e-01
6.3345750000e+03 2.9989382813e-01
6.3346000000e+03 2.9989303373e-01
6.3346250000e+03 2.9989226158e-01
6.3346500000e+03 2.9989152013e-01
6.3346750000e+03 2.9989081915e-01
6.3347000000e+03 2.9989015452e-01
6.3347250000e+03 2.9988951563e-01
6.3347500000e+03 2.9988889813e-01
6.3347750000e+03 2.9988830876e-01
6.3348000000e+03 2.9988776181e-01
6.3348250000e+03 2.9988727067e-01
6.3348500000e+03 2.9988684429e-01
6.3348750000e+03 2.9988648953e-01
6.3349000000e+03 2.9988621497e-01
6.3349250000e+03 2.9988603020e-01
6.3349500000e+03 2.9988593939e-01
6.3349750000e+03 2.9988593612e-01
6.3350000000e+03 2.9988600676e-01
6.3350250000e+03 2.9988614188e-01
6.3350500000e+03 2.9988633986e-01
6.3350750000e+03 2.9988660184e-01
6.3351000000e+03 2.9988693008e-01
6.3351250000e+03 2.9988732699e-01
6.3351500000e+03 2.9988779456e-01
6.3351750000e+03 2.9988833483e-01
6.3352000000e+03 2.9988895118e-01
6.3352250000e+03 2.9988964936e-01
6.3352500000e+03 2.9989043390e-01
6.3352750000e+03 2.9989130100e-01
6.3353000000e+03 2.9989223166e-01
6.3353250000e+03 2.9989319644e-01
6.3353500000e+03 2.9989417557e-01
6.3353750000e+03 2.9989517182e-01
6.3354000000e+03 2.9989620119e-01
6.3354250000e+03 2.9989727830e-01
6.3354500000e+03 2.9989841153e-01
6.3354750000e+03 2.9989960534e-01
6.3355000000e+03 2.9990086323e-01
6.3355250000e+03 2.9990218858e-01
6.3355500000e+03 2.9990358448e-01
6.3355750000e+03 2.9990505401e-01
6.3356000000e+03 2.9990659981e-01
6.3356250000e+03 2.9990822343e-01
6.3356500000e+03 2.9990992741e-01
6.3356750000e+03 2.9991171499e-01
6.3357000000e+03 2.9991358946e-01
6.3357250000e+03 2.9991555489e-01
6.3357500000e+03 2.9991761558e-01
6.3357750000e+03 2.9991977730e-01
6.3358000000e+03 2.9992204791e-01
6.3358250000e+03 2.9992443614e-01
6.3358500000e+03 2.9992695107e-01
6.3358750000e+03 2.9992960209e-01
6.3359000000e+03 2.9993240257e-01
6.3359250000e+03 2.9993538171e-01
6.3359500000e+03 2.9993859922e-01
6.3359750000e+03 2.9994214464e-01
6.3360000000e+03 2.9994607063e-01
6.3360250000e+03 2.9995022120e-01
6.3360500000e+03 2.9995410953e-01
6.3360750000e+03 2.9995712488e-01
6.3361000000e+03 2.9995897537e-01
6.3361250000e+03 2.9995986347e-01
6.3361500000e+03 2.9996021354e-01
6.3361750000e+03 2.9996034520e-01
6.3362000000e+03 2.9996039973e-01
6.3362250000e+03 2.9996041941e-01
6.3362500000e+03 2.9996041548e-01
6.3362750000e+03 2.9996039441e-01
6.3363000000e+03 2.9996036364e-01
6.3363250000e+03 2.9996032894e-01
6.3363500000e+03 2.9996029360e-01
6.3363750000e+03 2.9996025912e-01
6.3364000000e+03 2.9996022560e-01
6.3364250000e+03 2.9996019311e-01
6.3364500000e+03 2.9996016177e-01
6.3364750000e+03 2.9996013138e-01
6.3365000000e+03 2.9996010190e-01
6.3365250000e+03 2.9996007357e-01
6.3365500000e+03 2.9996004683e-01
6.3365750000e+03 2.9996002169e-01
6.3366000000e+03 2.9995999747e-01
6.3366250000e+03 2.9995997409e-01
6.3366500000e+03 2.9995995152e-01
6.3366750000e+03 2.9995992969e-01
6.3367000000e+03 2.9995991046e-01
6.3367250000e+03 2.9995989677e-01
6.3367500000e+03 2.9995989001e-01
6.3367750000e+03 2.9995989216e-01
6.3368000000e+03 2.9995991494e-01
6.3368250000e+03 2.9995998339e-01
6.3368500000e+03 2.9996011626e-01
6.3368750000e+03 2.9996029976e-01
6.3369000000e+03 2.9996049414e-01
6.3369250000e+03 2.9996066507e-01
6.3369500000e+03 2.9996079983e-01
6.3369750000e+03 2.9996090006e-01
6.3370000000e+03 2.9996097123e-01
6.3370250000e+03 2.9996102301e-01
6.3370500000e+03 2.9996106935e-01
6.3370750000e+03 2.9996112342e-01
6.3371000000e+03 2.9996118957e-01
6.3371250000e+03 2.9996126053e-01
6.3371500000e+03 2.9996132632e-01
6.3371750000e+03 2.9996137855e-01
6.3372000000e+03 2.9996140828e-01
6.3372250000e+03 2.9996140252e-01
6.3372500000e+03 2.9996133842e-01
6.3372750000e+03 2.9996117684e-01
6.3373000000e+03 2.9996085639e-01
6.3373250000e+03 2.9996029486e-01
6.3373500000e+03 2.9995940239e-01
6.3373750000e+03 2.9995810464e-01
6.3374000000e+03 2.9995636914e-01
6.3374250000e+03 2.9995422309e-01
6.3374500000e+03 2.9995175203e-01
6.3374750000e+03 2.9994907806e-01
6.3375000000e+03 2.9994632938e-01
6.3375250000e+03 2.9994361068e-01
6.3375500000e+03 2.9994098277e-01
6.3375750000e+03 2.9993844005e-01
6.3376000000e+03 2.9993585214e-01
6.3376250000e+03 2.9993288585e-01
6.3376500000e+03 2.9992907104e-01
6.3376750000e+03 2.9992412756e-01
6.3377000000e+03 2.9991828332e-01
6.3377250000e+03 2.9991214337e-01
6.3377500000e+03 2.9990620001e-01
6.3377750000e+03 2.9990052685e-01
6.3378000000e+03 2.9989488459e-01
6.3378250000e+03 2.9988903811e-01
6.3378500000e+03 2.9988299737e-01
6.3378750000e+03 2.9987699257e-01
6.3379000000e+03 2.9987125637e-01
6.3379250000e+03 2.9986587854e-01
6.3379500000e+03 2.9986083489e-01
6.3379750000e+03 2.9985607025e-01
6.3380000000e+03 2.9985153397e-01
6.3380250000e+03 2.9984716924e-01
6.3380500000e+03 2.9984289690e-01
6.3380750000e+03 2.9983863811e-01
6.3381000000e+03 2.9983437521e-01
6.3381250000e+03 2.9983017650e-01
6.3381500000e+03 2.9982614058e-01
6.3381750000e+03 2.9982232645e-01
6.3382000000e+03 2.9981874168e-01
6.3382250000e+03 2.9981537031e-01
6.3382500000e+03 2.9981219503e-01
6.3382750000e+03 2.9980920191e-01
6.3383000000e+03 2.9980637884e-01
6.3383250000e+03 2.9980371504e-01
6.3383500000e+03 2.9980120429e-01
6.3383750000e+03 2.9979884576e-01
6.3384000000e+03 2.9979664218e-01
6.3384250000e+03 2.9979459566e-01
6.3384500000e+03 2.9979270260e-01
6.3384750000e+03 2.9979093637e-01
6.3385000000e+03 2.9978916674e-01
6.3385250000e+03 2.9978694275e-01
6.3385500000e+03 2.9978327041e-01
6.3385750000e+03 2.9977690177e-01
6.3386000000e+03 2.9976731644e-01
6.3386250000e+03 2.9975543122e-01
6.3386500000e+03 2.9974301994e-01
6.3386750000e+03 2.9973144978e-01
6.3387000000e+03 2.9972113844e-01
6.3387250000e+03 2.9971192864e-01
6.3387500000e+03 2.9970357282e-01
6.3387750000e+03 2.9969590409e-01
6.3388000000e+03 2.9968882249e-01
6.3388250000e+03 2.9968226199e-01
6.3388500000e+03 2.9967617472e-01
6.3388750000e+03 2.9967052317e-01
6.3389000000e+03 2.9966528345e-01
6.3389250000e+03 2.9966045741e-01
6.3389500000e+03 2.9965607483e-01
6.3389750000e+03 2.9965216906e-01
6.3390000000e+03 2.9964874127e-01
6.3390250000e+03 2.9964575208e-01
6.3390500000e+03 2.9964314682e-01
6.3390750000e+03 2.9964087916e-01
6.3391000000e+03 2.9963891873e-01
6.3391250000e+03 2.9963724917e-01
6.3391500000e+03 2.9963586798e-01
6.3391750000e+03 2.9963478498e-01
6.3392000000e+03 2.9963401936e-01
6.3392250000e+03 2.9963359748e-01
6.3392500000e+03 2.9963354916e-01
6.3392750000e+03 2.9963390493e-01
6.3393000000e+03 2.9963469146e-01
6.3393250000e+03 2.9963592854e-01
6.3393500000e+03 2.9963763005e-01
6.3393750000e+03 2.9963980454e-01
6.3394000000e+03 2.9964245006e-01
6.3394250000e+03 2.9964554335e-01
6.3394500000e+03 2.9964902805e-01
6.3394750000e+03 2.9965280981e-01
6.3395000000e+03 2.9965676767e-01
6.3395250000e+03 2.9966078008e-01
6.3395500000e+03 2.9966475805e-01
6.3395750000e+03 2.9966867068e-01
6.3396000000e+03 2.9967255113e-01
6.3396250000e+03 2.9967648814e-01
6.3396500000e+03 2.9968060599e-01
6.3396750000e+03 2.9968504891e-01
6.3397000000e+03 2.9968997092e-01
6.3397250000e+03 2.9969547152e-01
6.3397500000e+03 2.9970142214e-01
6.3397750000e+03 2.9970734410e-01
6.3398000000e+03 2.9971262387e-01
6.3398250000e+03 2.9971698499e-01
6.3398500000e+03 2.9972068247e-01
6.3398750000e+03 2.9972419982e-01
6.3399000000e+03 2.9972783246e-01
6.3399250000e+03 2.9973152925e-01
6.3399500000e+03 2.9973504483e-01
6.3399750000e+03 2.9973822603e-01
6.3400000000e+03 2.9974115228e-01
6.3400250000e+03 2.9974402937e-01
6.3400500000e+03 2.9974702709e-01
6.3400750000e+03 2.9975023095e-01
6.3401000000e+03 2.9975367591e-01
6.3401250000e+03 2.9975737991e-01
6.3401500000e+03 2.9976134303e-01
6.3401750000e+03 2.9976551856e-01
6.3402000000e+03 2.9976981071e-01
6.3402250000e+03 2.9977413622e-01
6.3402500000e+03 2.9977849081e-01
6.3402750000e+03 2.9978294049e-01
6.3403000000e+03 2.9978756123e-01
6.3403250000e+03 2.9979240110e-01
6.3403500000e+03 2.9979748232e-01
6.3403750000e+03 2.9980281772e-01
6.3404000000e+03 2.9980841945e-01
6.3404250000e+03 2.9981430154e-01
6.3404500000e+03 2.9982047816e-01
6.3404750000e+03 2.9982696796e-01
6.3405000000e+03 2.9983380140e-01
6.3405250000e+03 2.9984102550e-01
6.3405500000e+03 2.9984871120e-01
6.3405750000e+03 2.9985697083e-01
6.3406000000e+03 2.9986598866e-01
6.3406250000e+03 2.9987601295e-01
6.3406500000e+03 2.9988711930e-01
6.3406750000e+03 2.9989868322e-01
6.3407000000e+03 2.9990915606e-01
6.3407250000e+03 2.9991685274e-01
6.3407500000e+03 2.9992118734e-01
6.3407750000e+03 2.9992294212e-01
6.3408000000e+03 2.9992337189e-01
6.3408250000e+03 2.9992334312e-01
6.3408500000e+03 2.9992321185e-01
6.3408750000e+03 2.9992307217e-01
6.3409000000e+03 2.9992294165e-01
6.3409250000e+03 2.9992282418e-01
6.3409500000e+03 2.9992272102e-01
6.3409750000e+03 2.9992263295e-01
6.3410000000e+03 2.9992255944e-01
6.3410250000e+03 2.9992249995e-01
6.3410500000e+03 2.9992245532e-01
6.3410750000e+03 2.9992242791e-01
6.3411000000e+03 2.9992242119e-01
6.3411250000e+03 2.9992243757e-01
6.3411500000e+03 2.9992247425e-01
6.3411750000e+03 2.9992252249e-01
6.3412000000e+03 2.9992256533e-01
6.3412250000e+03 2.9992257961e-01
6.3412500000e+03 2.9992253909e-01
6.3412750000e+03 2.9992242028e-01
6.3413000000e+03 2.9992220679e-01
6.3413250000e+03 2.9992189086e-01
6.3413500000e+03 2.9992147400e-01
6.3413750000e+03 2.9992096478e-01
6.3414000000e+03 2.9992037591e-01
6.3414250000e+03 2.9991972232e-01
6.3414500000e+03 2.9991901959e-01
6.3414750000e+03 2.9991828339e-01
6.3415000000e+03 2.9991752689e-01
6.3415250000e+03 2.9991675625e-01
6.3415500000e+03 2.9991597272e-01
6.3415750000e+03 2.9991517626e-01
6.3416000000e+03 2.9991436573e-01
6.3416250000e+03 2.9991354034e-01
6.3416500000e+03 2.9991269928e-01
6.3416750000e+03 2.9991184084e-01
6.3417000000e+03 2.9991096368e-01
6.3417250000e+03 2.9991006670e-01
6.3417500000e+03 2.9990914940e-01
6.3417750000e+03 2.9990821149e-01
6.3418000000e+03 2.9990725062e-01
6.3418250000e+03 2.9990625901e-01
6.3418500000e+03 2.9990522688e-01
6.3418750000e+03 2.9990414929e-01
6.3419000000e+03 2.9990302874e-01
6.3419250000e+03 2.9990187042e-01
6.3419500000e+03 2.9990067512e-01
6.3419750000e+03 2.9989943711e-01
6.3420000000e+03 2.9989814732e-01
6.3420250000e+03 2.9989680023e-01
6.3420500000e+03 2.9989539823e-01
6.3420750000e+03 2.9989395030e-01
6.3421000000e+03 2.9989246375e-01
6.3421250000e+03 2.9989093933e-01
6.3421500000e+03 2.9988937054e-01
6.3421750000e+03 2.9988773329e-01
6.3422000000e+03 2.9988595935e-01
6.3422250000e+03 2.9988391342e-01
6.3422500000e+03 2.9988144126e-01
6.3422750000e+03 2.9987849953e-01
6.3423000000e+03 2.9987522537e-01
6.3423250000e+03 2.9987183812e-01
6.3423500000e+03 2.9986848552e-01
6.3423750000e+03 2.9986519984e-01
6.3424000000e+03 2.9986195212e-01
6.3424250000e+03 2.9985870703e-01
6.3424500000e+03 2.9985544013e-01
6.3424750000e+03 2.9985213545e-01
6.3425000000e+03 2.9984878061e-01
6.3425250000e+03 2.9984536425e-01
6.3425500000e+03 2.9984187745e-01
6.3425750000e+03 2.9983831267e-01
6.3426000000e+03 2.9983466191e-01
6.3426250000e+03 2.9983091533e-01
6.3426500000e+03 2.9982706008e-01
6.3426750000e+03 2.9982307860e-01
6.3427000000e+03 2.9981894345e-01
6.3427250000e+03 2.9981461208e-01
6.3427500000e+03 2.9981003768e-01
6.3427750000e+03 2.9980519508e-01
6.3428000000e+03 2.9980008966e-01
6.3428250000e+03 2.9979473732e-01
6.3428500000e+03 2.9978914223e-01
6.3428750000e+03 2.9978329396e-01
6.3429000000e+03 2.9977717734e-01
6.3429250000e+03 2.9977077619e-01
6.3429500000e+03 2.9976406799e-01
6.3429750000e+03 2.9975702095e-01
6.3430000000e+03 2.9974959556e-01
6.3430250000e+03 2.9974174668e-01
6.3430500000e+03 2.9973342447e-01
6.3430750000e+03 2.9972457219e-01
6.3431000000e+03 2.9971512415e-01
6.3431250000e+03 2.9970500416e-01
6.3431500000e+03 2.9969412304e-01
6.3431750000e+03 2.9968237471e-01
6.3432000000e+03 2.9966963019e-01
6.3432250000e+03 2.9965573448e-01
6.3432500000e+03 2.9964050120e-01
6.3432750000e+03 2.9962369883e-01
6.3433000000e+03 2.9960503443e-01
6.3433250000e+03 2.9958412745e-01
6.3433500000e+03 2.9956048032e-01
6.3433750000e+03 2.9953333869e-01
6.3434000000e+03 2.9950153653e-01
6.3434250000e+03 2.9946310436e-01
6.3434500000e+03 2.9941468569e-01
6.3434750000e+03 2.9935206531e-01
6.3435000000e+03 2.9927168286e-01
6.3435250000e+03 2.9917163561e-01
6.3435500000e+03 2.9905137085e-01
6.3435750000e+03 2.9891177323e-01
6.3436000000e+03 2.9875551587e-01
6.3436250000e+03 2.9858650158e-01
6.3436500000e+03 2.9840883668e-01
6.3436750000e+03 2.9822529887e-01
6.3437000000e+03 2.9803649722e-01
6.3437250000e+03 2.9784093599e-01
6.3437500000e+03 2.9763525209e-01
6.3437750000e+03 2.9741385292e-01
6.3438000000e+03 2.9716653502e-01
6.3438250000e+03 2.9687703738e-01
6.3438500000e+03 2.9652778295e-01
6.3438750000e+03 2.9610666069e-01
6.3439000000e+03 2.9560935648e-01
6.3439250000e+03 2.9503794164e-01
6.3439500000e+03 2.9439871024e-01
6.3439750000e+03 2.9370112574e-01
6.3440000000e+03 2.9295804702e-01
6.3440250000e+03 2.9218646020e-01
6.3440500000e+03 2.9140754303e-01
6.3440750000e+03 2.9064489636e-01
6.3441000000e+03 2.8991778461e-01
6.3441250000e+03 2.8923331208e-01
6.3441500000e+03 2.8858845550e-01
6.3441750000e+03 2.8797804708e-01
6.3442000000e+03 2.8739830567e-01
6.3442250000e+03 2.8684668609e-01
6.3442500000e+03 2.8632139163e-01
6.3442750000e+03 2.8582108999e-01
6.3443000000e+03 2.8534478137e-01
6.3443250000e+03 2.8489170247e-01
6.3443500000e+03 2.8446119000e-01
6.3443750000e+03 2.8405252056e-01
6.3444000000e+03 2.8366489158e-01
6.3444250000e+03 2.8329760793e-01
6.3444500000e+03 2.8295023637e-01
6.3444750000e+03 2.8262254731e-01
6.3445000000e+03 2.8231436828e-01
6.3445250000e+03 2.8202551202e-01
6.3445500000e+03 2.8175578155e-01
6.3445750000e+03 2.8150498940e-01
6.3446000000e+03 2.8127296716e-01
6.3446250000e+03 2.8105956717e-01
6.3446500000e+03 2.8086465951e-01
6.3446750000e+03 2.8068812858e-01
6.3447000000e+03 2.8052987354e-01
6.3447250000e+03 2.8038980654e-01
6.3447500000e+03 2.8026785018e-01
6.3447750000e+03 2.8016394070e-01
6.3448000000e+03 2.8007802624e-01
6.3448250000e+03 2.8001005008e-01
6.3448500000e+03 2.7995991291e-01
6.3448750000e+03 2.7992744521e-01
6.3449000000e+03 2.7991245434e-01
6.3449250000e+03 2.7991484761e-01
6.3449500000e+03 2.7993471825e-01
6.3449750000e+03 2.7997227930e-01
6.3450000000e+03 2.8002771693e-01
6.3450250000e+03 2.8010112224e-01
6.3450500000e+03 2.8019252740e-01
6.3450750000e+03 2.8030195865e-01
6.3451000000e+03 2.8042945549e-01
6.3451250000e+03 2.8057507168e-01
6.3451500000e+03 2.8073887319e-01
6.3451750000e+03 2.8092093815e-01
6.3452000000e+03 2.8112135661e-01
6.3452250000e+03 2.8134023124e-01
6.3452500000e+03 2.8157768123e-01
6.3452750000e+03 2.8183384764e-01
6.3453000000e+03 2.8210889787e-01
6.3453250000e+03 2.8240302680e-01
6.3453500000e+03 2.8271646128e-01
6.3453750000e+03 2.8304946670e-01
6.3454000000e+03 2.8340234747e-01
6.3454250000e+03 2.8377544869e-01
6.3454500000e+03 2.8416916605e-01
6.3454750000e+03 2.8458398457e-01
6.3455000000e+03 2.8502040548e-01
6.3455250000e+03 2.8547883237e-01
6.3455500000e+03 2.8595906371e-01
6.3455750000e+03 2.8645919240e-01
6.3456000000e+03 2.8697552629e-01
6.3456250000e+03 2.8750400240e-01
6.3456500000e+03 2.8804141203e-01
6.3456750000e+03 2.8858490748e-01
6.3457000000e+03 2.8913192815e-01
6.3457250000e+03 2.8968127180e-01
6.3457500000e+03 2.9023386857e-01
6.3457750000e+03 2.9079290207e-01
6.3458000000e+03 2.9136265287e-01
6.3458250000e+03 2.9194724406e-01
6.3458500000e+03 2.9255007602e-01
6.3458750000e+03 2.9317392007e-01
6.3459000000e+03 2.9382104289e-01
6.3459250000e+03 2.9449030254e-01
6.3459500000e+03 2.9517210935e-01
6.3459750000e+03 2.9584859489e-01
6.3460000000e+03 2.9649914782e-01
6.3460250000e+03 2.9710521848e-01
6.3460500000e+03 2.9765210390e-01
6.3460750000e+03 2.9812863167e-01
6.3461000000e+03 2.9852658672e-01
6.3461250000e+03 2.9884105561e-01
6.3461500000e+03 2.9907198908e-01
6.3461750000e+03 2.9922658799e-01
6.3462000000e+03 2.9932170094e-01
6.3462250000e+03 2.9938025842e-01
6.3462500000e+03 2.9942079505e-01
6.3462750000e+03 2.9945252244e-01
6.3463000000e+03 2.9947896045e-01
6.3463250000e+03 2.9950160692e-01
6.3463500000e+03 2.9952117424e-01
6.3463750000e+03 2.9953787096e-01
6.3464000000e+03 2.9955153104e-01
6.3464250000e+03 2.9956202388e-01
6.3464500000e+03 2.9956978588e-01
6.3464750000e+03 2.9957587862e-01
6.3465000000e+03 2.9958141213e-01
6.3465250000e+03 2.9958697337e-01
6.3465500000e+03 2.9959260709e-01
6.3465750000e+03 2.9959815274e-01
6.3466000000e+03 2.9960349207e-01
6.3466250000e+03 2.9960859330e-01
6.3466500000e+03 2.9961347043e-01
6.3466750000e+03 2.9961815187e-01
6.3467000000e+03 2.9962266759e-01
6.3467250000e+03 2.9962704497e-01
6.3467500000e+03 2.9963130968e-01
6.3467750000e+03 2.9963548311e-01
6.3468000000e+03 2.9963957949e-01
6.3468250000e+03 2.9964360539e-01
6.3468500000e+03 2.9964756391e-01
6.3468750000e+03 2.9965146701e-01
6.3469000000e+03 2.9965534797e-01
6.3469250000e+03 2.9965926149e-01
6.3469500000e+03 2.9966327104e-01
6.3469750000e+03 2.9966742026e-01
6.3470000000e+03 2.9967168261e-01
6.3470250000e+03 2.9967592866e-01
6.3470500000e+03 2.9967997999e-01
6.3470750000e+03 2.9968373914e-01
6.3471000000e+03 2.9968725832e-01
6.3471250000e+03 2.9969067143e-01
6.3471500000e+03 2.9969409205e-01
6.3471750000e+03 2.9969757956e-01
6.3472000000e+03 2.9970115933e-01
6.3472250000e+03 2.9970484426e-01
6.3472500000e+03 2.9970864576e-01
6.3472750000e+03 2.9971257647e-01
6.3473000000e+03 2.9971664569e-01
6.3473250000e+03 2.9972084324e-01
6.3473500000e+03 2.9972509326e-01
6.3473750000e+03 2.9972918298e-01
6.3474000000e+03 2.9973275388e-01
6.3474250000e+03 2.9973549583e-01
6.3474500000e+03 2.9973745165e-01
6.3474750000e+03 2.9973904181e-01
6.3475000000e+03 2.9974071185e-01
6.3475250000e+03 2.9974260650e-01
6.3475500000e+03 2.9974461860e-01
6.3475750000e+03 2.9974669185e-01
6.3476000000e+03 2.9974900617e-01
6.3476250000e+03 2.9975189797e-01
6.3476500000e+03 2.9975562042e-01
6.3476750000e+03 2.9976005409e-01
6.3477000000e+03 2.9976451630e-01
6.3477250000e+03 2.9976799756e-01
6.3477500000e+03 2.9976984528e-01
6.3477750000e+03 2.9977019591e-01
6.3478000000e+03 2.9976965337e-01
6.3478250000e+03 2.9976870551e-01
6.3478500000e+03 2.9976755035e-01
6.3478750000e+03 2.9976629362e-01
6.3479000000e+03 2.9976508473e-01
6.3479250000e+03 2.9976406064e-01
6.3479500000e+03 2.9976327221e-01
6.3479750000e+03 2.9976270071e-01
6.3480000000e+03 2.9976231548e-01
6.3480250000e+03 2.9976210845e-01
6.3480500000e+03 2.9976210207e-01
6.3480750000e+03 2.9976233980e-01
6.3481000000e+03 2.9976286008e-01
6.3481250000e+03 2.9976366942e-01
6.3481500000e+03 2.9976474305e-01
6.3481750000e+03 2.9976605044e-01
6.3482000000e+03 2.9976757398e-01
6.3482250000e+03 2.9976930760e-01
6.3482500000e+03 2.9977124519e-01
6.3482750000e+03 2.9977336611e-01
6.3483000000e+03 2.9977562913e-01
6.3483250000e+03 2.9977799648e-01
6.3483500000e+03 2.9978047975e-01
6.3483750000e+03 2.9978315817e-01
6.3484000000e+03 2.9978614538e-01
6.3484250000e+03 2.9978955087e-01
6.3484500000e+03 2.9979348223e-01
6.3484750000e+03 2.9979802586e-01
6.3485000000e+03 2.9980308571e-01
6.3485250000e+03 2.9980816375e-01
6.3485500000e+03 2.9981245242e-01
6.3485750000e+03 2.9981535911e-01
6.3486000000e+03 2.9981692040e-01
6.3486250000e+03 2.9981762206e-01
6.3486500000e+03 2.9981793853e-01
6.3486750000e+03 2.9981812055e-01
6.3487000000e+03 2.9981826679e-01
6.3487250000e+03 2.9981843141e-01
6.3487500000e+03 2.9981866360e-01
6.3487750000e+03 2.9981900313e-01
6.3488000000e+03 2.9981947327e-01
6.3488250000e+03 2.9982008186e-01
6.3488500000e+03 2.9982082617e-01
6.3488750000e+03 2.9982170123e-01
6.3489000000e+03 2.9982270429e-01
6.3489250000e+03 2.9982383434e-01
6.3489500000e+03 2.9982508526e-01
6.3489750000e+03 2.9982643788e-01
6.3490000000e+03 2.9982786657e-01
6.3490250000e+03 2.9982935605e-01
6.3490500000e+03 2.9983091094e-01
6.3490750000e+03 2.9983255037e-01
6.3491000000e+03 2.9983429387e-01
6.3491250000e+03 2.9983615267e-01
6.3491500000e+03 2.9983812991e-01
6.3491750000e+03 2.9984022603e-01
6.3492000000e+03 2.9984244108e-01
6.3492250000e+03 2.9984477805e-01
6.3492500000e+03 2.9984724242e-01
6.3492750000e+03 2.9984983796e-01
6.3493000000e+03 2.9985256785e-01
6.3493250000e+03 2.9985544099e-01
6.3493500000e+03 2.9985847456e-01
6.3493750000e+03 2.9986169204e-01
6.3494000000e+03 2.9986512496e-01
6.3494250000e+03 2.9986882160e-01
6.3494500000e+03 2.9987285522e-01
6.3494750000e+03 2.9987730069e-01
6.3495000000e+03 2.9988213271e-01
6.3495250000e+03 2.9988707750e-01
6.3495500000e+03 2.9989164012e-01
6.3495750000e+03 2.9989543576e-01
6.3496000000e+03 2.9989848932e-01
6.3496250000e+03 2.9990112878e-01
6.3496500000e+03 2.9990360997e-01
6.3496750000e+03 2.9990591127e-01
6.3497000000e+03 2.9990787048e-01
6.3497250000e+03 2.9990942780e-01
6.3497500000e+03 2.9991069658e-01
6.3497750000e+03 2.9991184897e-01
6.3498000000e+03 2.9991300403e-01
6.3498250000e+03 2.9991421688e-01
6.3498500000e+03 2.9991551548e-01
6.3498750000e+03 2.9991692604e-01
6.3499000000e+03 2.9991846981e-01
6.3499250000e+03 2.9992012148e-01
6.3499500000e+03 2.9992176066e-01
6.3499750000e+03 2.9992320093e-01
6.3500000000e+03 2.9992432012e-01
6.3500250000e+03 2.9992514734e-01
6.3500500000e+03 2.9992580418e-01
6.3500750000e+03 2.9992639429e-01
6.3501000000e+03 2.9992695931e-01
6.3501250000e+03 2.9992750153e-01
6.3501500000e+03 2.9992801832e-01
6.3501750000e+03 2.9992851703e-01
6.3502000000e+03 2.9992901209e-01
6.3502250000e+03 2.9992951968e-01
6.3502500000e+03 2.9993005298e-01
6.3502750000e+03 2.9993062076e-01
6.3503000000e+03 2.9993122796e-01
6.3503250000e+03 2.9993187952e-01
6.3503500000e+03 2.9993258318e-01
6.3503750000e+03 2.9993334869e-01
6.3504000000e+03 2.9993417587e-01
6.3504250000e+03 2.9993503060e-01
6.3504500000e+03 2.9993584250e-01
6.3504750000e+03 2.9993654459e-01
6.3505000000e+03 2.9993712307e-01
6.3505250000e+03 2.9993761926e-01
6.3505500000e+03 2.9993808671e-01
6.3505750000e+03 2.9993855848e-01
6.3506000000e+03 2.9993904814e-01
6.3506250000e+03 2.9993955947e-01
6.3506500000e+03 2.9994009361e-01
6.3506750000e+03 2.9994065402e-01
6.3507000000e+03 2.9994124621e-01
6.3507250000e+03 2.9994187032e-01
6.3507500000e+03 2.9994251053e-01
6.3507750000e+03 2.9994313118e-01
6.3508000000e+03 2.9994368697e-01
6.3508250000e+03 2.9994414259e-01
6.3508500000e+03 2.9994448745e-01
6.3508750000e+03 2.9994473719e-01
6.3509000000e+03 2.9994492200e-01
6.3509250000e+03 2.9994507151e-01
6.3509500000e+03 2.9994520676e-01
6.3509750000e+03 2.9994533762e-01
6.3510000000e+03 2.9994546405e-01
6.3510250000e+03 2.9994557858e-01
6.3510500000e+03 2.9994566908e-01
6.3510750000e+03 2.9994572435e-01
6.3511000000e+03 2.9994574164e-01
6.3511250000e+03 2.9994573280e-01
6.3511500000e+03 2.9994571805e-01
6.3511750000e+03 2.9994571321e-01
6.3512000000e+03 2.9994572412e-01
6.3512250000e+03 2.9994574935e-01
6.3512500000e+03 2.9994578655e-01
6.3512750000e+03 2.9994583243e-01
6.3513000000e+03 2.9994588328e-01
6.3513250000e+03 2.9994593496e-01
6.3513500000e+03 2.9994598296e-01
6.3513750000e+03 2.9994601771e-01
6.3514000000e+03 2.9994601262e-01
6.3514250000e+03 2.9994592578e-01
6.3514500000e+03 2.9994572847e-01
6.3514750000e+03 2.9994543746e-01
6.3515000000e+03 2.9994510809e-01
6.3515250000e+03 2.9994479168e-01
6.3515500000e+03 2.9994450974e-01
6.3515750000e+03 2.9994426195e-01
6.3516000000e+03 2.9994404110e-01
6.3516250000e+03 2.9994384151e-01
6.3516500000e+03 2.9994366008e-01
6.3516750000e+03 2.9994349486e-01
6.3517000000e+03 2.9994334474e-01
6.3517250000e+03 2.9994320878e-01
6.3517500000e+03 2.9994308641e-01
6.3517750000e+03 2.9994297694e-01
6.3518000000e+03 2.9994287969e-01
6.3518250000e+03 2.9994279465e-01
6.3518500000e+03 2.9994272151e-01
6.3518750000e+03 2.9994265962e-01
6.3519000000e+03 2.9994260893e-01
6.3519250000e+03 2.9994256964e-01
6.3519500000e+03 2.9994254202e-01
6.3519750000e+03 2.9994252608e-01
6.3520000000e+03 2.9994252136e-01
6.3520250000e+03 2.9994252804e-01
6.3520500000e+03 2.9994254641e-01
6.3520750000e+03 2.9994257691e-01
6.3521000000e+03 2.9994261966e-01
6.3521250000e+03 2.9994267490e-01
6.3521500000e+03 2.9994274365e-01
6.3521750000e+03 2.9994282774e-01
6.3522000000e+03 2.9994292848e-01
6.3522250000e+03 2.9994304427e-01
6.3522500000e+03 2.9994316899e-01
6.3522750000e+03 2.9994329118e-01
6.3523000000e+03 2.9994339906e-01
6.3523250000e+03 2.9994348671e-01
6.3523500000e+03 2.9994355593e-01
6.3523750000e+03 2.9994361418e-01
6.3524000000e+03 2.9994366977e-01
6.3524250000e+03 2.9994372834e-01
6.3524500000e+03 2.9994379358e-01
6.3524750000e+03 2.9994386664e-01
6.3525000000e+03 2.9994394745e-01
6.3525250000e+03 2.9994403716e-01
6.3525500000e+03 2.9994413571e-01
6.3525750000e+03 2.9994424272e-01
6.3526000000e+03 2.9994435852e-01
6.3526250000e+03 2.9994448257e-01
6.3526500000e+03 2.9994461325e-01
6.3526750000e+03 2.9994474521e-01
6.3527000000e+03 2.9994486201e-01
6.3527250000e+03 2.9994493783e-01
6.3527500000e+03 2.9994495074e-01
6.3527750000e+03 2.9994489097e-01
6.3528000000e+03 2.9994474659e-01
6.3528250000e+03 2.9994448406e-01
6.3528500000e+03 2.9994407342e-01
6.3528750000e+03 2.9994354037e-01
6.3529000000e+03 2.9994296694e-01
6.3529250000e+03 2.9994243211e-01
6.3529500000e+03 2.9994196797e-01
6.3529750000e+03 2.9994157165e-01
6.3530000000e+03 2.9994122990e-01
6.3530250000e+03 2.9994093271e-01
6.3530500000e+03 2.9994067368e-01
6.3530750000e+03 2.9994044733e-01
6.3531000000e+03 2.9994024899e-01
6.3531250000e+03 2.9994007451e-01
6.3531500000e+03 2.9993991996e-01
6.3531750000e+03 2.9993977593e-01
6.3532000000e+03 2.9993961974e-01
6.3532250000e+03 2.9993941426e-01
6.3532500000e+03 2.9993911824e-01
6.3532750000e+03 2.9993869380e-01
6.3533000000e+03 2.9993810595e-01
6.3533250000e+03 2.9993732488e-01
6.3533500000e+03 2.9993633616e-01
6.3533750000e+03 2.9993515246e-01
6.3534000000e+03 2.9993381760e-01
6.3534250000e+03 2.9993239851e-01
6.3534500000e+03 2.9993096970e-01
6.3534750000e+03 2.9992959728e-01
6.3535000000e+03 2.9992832615e-01
6.3535250000e+03 2.9992716701e-01
6.3535500000e+03 2.9992608929e-01
6.3535750000e+03 2.9992503662e-01
6.3536000000e+03 2.9992396789e-01
6.3536250000e+03 2.9992288544e-01
6.3536500000e+03 2.9992181922e-01
6.3536750000e+03 2.9992079552e-01
6.3537000000e+03 2.9991982495e-01
6.3537250000e+03 2.9991890818e-01
6.3537500000e+03 2.9991804405e-01
6.3537750000e+03 2.9991723331e-01
6.3538000000e+03 2.9991647724e-01
6.3538250000e+03 2.9991576858e-01
6.3538500000e+03 2.9991509463e-01
6.3538750000e+03 2.9991456687e-01
6.3539000000e+03 2.9991499490e-01
6.3539250000e+03 2.9991912893e-01
6.3539500000e+03 2.9993229331e-01
6.3539750000e+03 2.9995992893e-01
6.3540000000e+03 3.0000267745e-01
6.3540250000e+03 3.0005460728e-01
6.3540500000e+03 3.0010752730e-01
6.3540750000e+03 3.0015640783e-01
6.3541000000e+03 3.0020037759e-01
6.3541250000e+03 3.0024041074e-01
6.3541500000e+03 3.0027752367e-01
6.3541750000e+03 3.0031235291e-01
6.3542000000e+03 3.0034527156e-01
6.3542250000e+03 3.0037651530e-01
6.3542500000e+03 3.0040624528e-01
6.3542750000e+03 3.0043457908e-01
6.3543000000e+03 3.0046160402e-01
6.3543250000e+03 3.0048738135e-01
6.3543500000e+03 3.0051195210e-01
6.3543750000e+03 3.0053535109e-01
6.3544000000e+03 3.0055761761e-01
6.3544250000e+03 3.0057879892e-01
6.3544500000e+03 3.0059895093e-01
6.3544750000e+03 3.0061813208e-01
6.3545000000e+03 3.0063639720e-01
6.3545250000e+03 3.0065379099e-01
6.3545500000e+03 3.0067034578e-01
6.3545750000e+03 3.0068608394e-01
6.3546000000e+03 3.0070101973e-01
6.3546250000e+03 3.0071516322e-01
6.3546500000e+03 3.0072852307e-01
6.3546750000e+03 3.0074110713e-01
6.3547000000e+03 3.0075292119e-01
6.3547250000e+03 3.0076396931e-01
6.3547500000e+03 3.0077425206e-01
6.3547750000e+03 3.0078376801e-01
6.3548000000e+03 3.0079252146e-01
6.3548250000e+03 3.0080052199e-01
6.3548500000e+03 3.0080777441e-01
6.3548750000e+03 3.0081427405e-01
6.3549000000e+03 3.0082001580e-01
6.3549250000e+03 3.0082499374e-01
6.3549500000e+03 3.0082917097e-01
6.3549750000e+03 3.0083247447e-01
6.3550000000e+03 3.0083485435e-01
6.3550250000e+03 3.0083633325e-01
6.3550500000e+03 3.0083698159e-01
6.3550750000e+03 3.0083686027e-01
6.3551000000e+03 3.0083599931e-01
6.3551250000e+03 3.0083440773e-01
6.3551500000e+03 3.0083208715e-01
6.3551750000e+03 3.0082903828e-01
6.3552000000e+03 3.0082526083e-01
6.3552250000e+03 3.0082075373e-01
6.3552500000e+03 3.0081551523e-01
6.3552750000e+03 3.0080954457e-01
6.3553000000e+03 3.0080284327e-01
6.3553250000e+03 3.0079541380e-01
6.3553500000e+03 3.0078725397e-01
6.3553750000e+03 3.0077835057e-01
6.3554000000e+03 3.0076867253e-01
6.3554250000e+03 3.0075816690e-01
6.3554500000e+03 3.0074676305e-01
6.3554750000e+03 3.0073438295e-01
6.3555000000e+03 3.0072095654e-01
6.3555250000e+03 3.0070643886e-01
6.3555500000e+03 3.0069081731e-01
6.3555750000e+03 3.0067410752e-01
6.3556000000e+03 3.0065633984e-01
6.3556250000e+03 3.0063754366e-01
6.3556500000e+03 3.0061773738e-01
6.3556750000e+03 3.0059692554e-01
6.3557000000e+03 3.0057509718e-01
6.3557250000e+03 3.0055222840e-01
6.3557500000e+03 3.0052828596e-01
6.3557750000e+03 3.0050322656e-01
6.3558000000e+03 3.0047699582e-01
6.3558250000e+03 3.0044952517e-01
6.3558500000e+03 3.0042072630e-01
6.3558750000e+03 3.0039048726e-01
6.3559000000e+03 3.0035866422e-01
6.3559250000e+03 3.0032506258e-01
6.3559500000e+03 3.0028938862e-01
6.3559750000e+03 3.0025112510e-01
6.3560000000e+03 3.0020933409e-01
6.3560250000e+03 3.0016272309e-01
6.3560500000e+03 3.0011095659e-01
6.3560750000e+03 3.0005722196e-01
6.3561000000e+03 3.0000899375e-01
6.3561250000e+03 2.9997394254e-01
6.3561500000e+03 2.9995428400e-01
6.3561750000e+03 2.9994608992e-01
6.3562000000e+03 2.9994367229e-01
6.3562250000e+03 2.9994330658e-01
6.3562500000e+03 2.9994350533e-01
6.3562750000e+03 2.9994386920e-01
6.3563000000e+03 2.9994431575e-01
6.3563250000e+03 2.9994482614e-01
6.3563500000e+03 2.9994539093e-01
6.3563750000e+03 2.9994600061e-01
6.3564000000e+03 2.9994664685e-01
6.3564250000e+03 2.9994732090e-01
6.3564500000e+03 2.9994800636e-01
6.3564750000e+03 2.9994867541e-01
6.3565000000e+03 2.9994929617e-01
6.3565250000e+03 2.9994984181e-01
6.3565500000e+03 2.9995029520e-01
6.3565750000e+03 2.9995065167e-01
6.3566000000e+03 2.9995091809e-01
6.3566250000e+03 2.9995111128e-01
6.3566500000e+03 2.9995125368e-01
6.3566750000e+03 2.9995136600e-01
6.3567000000e+03 2.9995146424e-01
6.3567250000e+03 2.9995155964e-01
6.3567500000e+03 2.9995165885e-01
6.3567750000e+03 2.9995176549e-01
6.3568000000e+03 2.9995188228e-01
6.3568250000e+03 2.9995201068e-01
6.3568500000e+03 2.9995215184e-01
6.3568750000e+03 2.9995230351e-01
6.3569000000e+03 2.9995245447e-01
6.3569250000e+03 2.9995258784e-01
6.3569500000e+03 2.9995269080e-01
6.3569750000e+03 2.9995276453e-01
6.3570000000e+03 2.9995282229e-01
6.3570250000e+03 2.9995287795e-01
6.3570500000e+03 2.9995293764e-01
6.3570750000e+03 2.9995299875e-01
6.3571000000e+03 2.9995305180e-01
6.3571250000e+03 2.9995308729e-01
6.3571500000e+03 2.9995310460e-01
6.3571750000e+03 2.9995310909e-01
6.3572000000e+03 2.9995310746e-01
6.3572250000e+03 2.9995310437e-01
6.3572500000e+03 2.9995310181e-01
6.3572750000e+03 2.9995310060e-01
6.3573000000e+03 2.9995310105e-01
6.3573250000e+03 2.9995310326e-01
6.3573500000e+03 2.9995310748e-01
6.3573750000e+03 2.9995311366e-01
6.3574000000e+03 2.9995312179e-01
6.3574250000e+03 2.9995313169e-01
6.3574500000e+03 2.9995314224e-01
6.3574750000e+03 2.9995315041e-01
6.3575000000e+03 2.9995315082e-01
6.3575250000e+03 2.9995313794e-01
6.3575500000e+03 2.9995311069e-01
6.3575750000e+03 2.9995307601e-01
6.3576000000e+03 2.9995304252e-01
6.3576250000e+03 2.9995301470e-01
6.3576500000e+03 2.9995299423e-01
6.3576750000e+03 2.9995297995e-01
6.3577000000e+03 2.9995297059e-01
6.3577250000e+03 2.9995296598e-01
6.3577500000e+03 2.9995296539e-01
6.3577750000e+03 2.9995296748e-01
6.3578000000e+03 2.9995297296e-01
6.3578250000e+03 2.9995298244e-01
6.3578500000e+03 2.9995299513e-01
6.3578750000e+03 2.9995301023e-01
6.3579000000e+03 2.9995302773e-01
6.3579250000e+03 2.9995304795e-01
6.3579500000e+03 2.9995306978e-01
6.3579750000e+03 2.9995308997e-01
6.3580000000e+03 2.9995310129e-01
6.3580250000e+03 2.9995309124e-01
6.3580500000e+03 2.9995304145e-01
6.3580750000e+03 2.9995293644e-01
6.3581000000e+03 2.9995276813e-01
6.3581250000e+03 2.9995250646e-01
6.3581500000e+03 2.9995202442e-01
6.3581750000e+03 2.9995104719e-01
6.3582000000e+03 2.9994927394e-01
6.3582250000e+03 2.9994666173e-01
6.3582500000e+03 2.9994354017e-01
6.3582750000e+03 2.9994036756e-01
6.3583000000e+03 2.9993742286e-01
6.3583250000e+03 2.9993475469e-01
6.3583500000e+03 2.9993231148e-01
6.3583750000e+03 2.9993004182e-01
6.3584000000e+03 2.9992791239e-01
6.3584250000e+03 2.9992590236e-01
6.3584500000e+03 2.9992399874e-01
6.3584750000e+03 2.9992219242e-01
6.3585000000e+03 2.9992047627e-01
6.3585250000e+03 2.9991884515e-01
6.3585500000e+03 2.9991729461e-01
6.3585750000e+03 2.9991581812e-01
6.3586000000e+03 2.9991440608e-01
6.3586250000e+03 2.9991304993e-01
6.3586500000e+03 2.9991174566e-01
6.3586750000e+03 2.9991049437e-01
6.3587000000e+03 2.9990929970e-01
6.3587250000e+03 2.9990816384e-01
6.3587500000e+03 2.9990708661e-01
6.3587750000e+03 2.9990606742e-01
6.3588000000e+03 2.9990510571e-01
6.3588250000e+03 2.9990420002e-01
6.3588500000e+03 2.9990335004e-01
6.3588750000e+03 2.9990255594e-01
6.3589000000e+03 2.9990181700e-01
6.3589250000e+03 2.9990113212e-01
6.3589500000e+03 2.9990050001e-01
6.3589750000e+03 2.9989991901e-01
6.3590000000e+03 2.9989938837e-01
6.3590250000e+03 2.9989890902e-01
6.3590500000e+03 2.9989848133e-01
6.3590750000e+03 2.9989810664e-01
6.3591000000e+03 2.9989778563e-01
6.3591250000e+03 2.9989752024e-01
6.3591500000e+03 2.9989731698e-01
6.3591750000e+03 2.9989720004e-01
6.3592000000e+03 2.9989728272e-01
6.3592250000e+03 2.9989794456e-01
6.3592500000e+03 2.9990003928e-01
6.3592750000e+03 2.9990469539e-01
6.3593000000e+03 2.9991244800e-01
6.3593250000e+03 2.9992250827e-01
6.3593500000e+03 2.9993324173e-01
6.3593750000e+03 2.9994335958e-01
6.3594000000e+03 2.9995245823e-01
6.3594250000e+03 2.9996069325e-01
6.3594500000e+03 2.9996832219e-01
6.3594750000e+03 2.9997552499e-01
6.3595000000e+03 2.9998240208e-01
6.3595250000e+03 2.9998901225e-01
6.3595500000e+03 2.9999541142e-01
6.3595750000e+03 3.0000170719e-01
6.3596000000e+03 3.0000817069e-01
6.3596250000e+03 3.0001531187e-01
6.3596500000e+03 3.0002368358e-01
6.3596750000e+03 3.0003339618e-01
6.3597000000e+03 3.0004389813e-01
6.3597250000e+03 3.0005438094e-01
6.3597500000e+03 3.0006432848e-01
6.3597750000e+03 3.0007364246e-01
6.3598000000e+03 3.0008242210e-01
6.3598250000e+03 3.0009077602e-01
6.3598500000e+03 3.0009877650e-01
6.3598750000e+03 3.0010646765e-01
6.3599000000e+03 3.0011387788e-01
6.3599250000e+03 3.0012102898e-01
6.3599500000e+03 3.0012793711e-01
6.3599750000e+03 3.0013460903e-01
6.3600000000e+03 3.0014104017e-01
6.3600250000e+03 3.0014721770e-01
6.3600500000e+03 3.0015314077e-01
6.3600750000e+03 3.0015883592e-01
6.3601000000e+03 3.0016435095e-01
6.3601250000e+03 3.0016972895e-01
6.3601500000e+03 3.0017499223e-01
6.3601750000e+03 3.0018014371e-01
6.3602000000e+03 3.0018518434e-01
6.3602250000e+03 3.0019013917e-01
6.3602500000e+03 3.0019506672e-01
6.3602750000e+03 3.0019999829e-01
6.3603000000e+03 3.0020479008e-01
6.3603250000e+03 3.0020904633e-01
6.3603500000e+03 3.0021232700e-01
6.3603750000e+03 3.0021448363e-01
6.3604000000e+03 3.0021572805e-01
6.3604250000e+03 3.0021639124e-01
6.3604500000e+03 3.0021669959e-01
6.3604750000e+03 3.0021674554e-01
6.3605000000e+03 3.0021655435e-01
6.3605250000e+03 3.0021613082e-01
6.3605500000e+03 3.0021547470e-01
6.3605750000e+03 3.0021458589e-01
6.3606000000e+03 3.0021346425e-01
6.3606250000e+03 3.0021210994e-01
6.3606500000e+03 3.0021052184e-01
6.3606750000e+03 3.0020869839e-01
6.3607000000e+03 3.0020663856e-01
6.3607250000e+03 3.0020434100e-01
6.3607500000e+03 3.0020180441e-01
6.3607750000e+03 3.0019902678e-01
6.3608000000e+03 3.0019600541e-01
6.3608250000e+03 3.0019273517e-01
6.3608500000e+03 3.0018919915e-01
6.3608750000e+03 3.0018533531e-01
6.3609000000e+03 3.0018097289e-01
6.3609250000e+03 3.0017580936e-01
6.3609500000e+03 3.0016956079e-01
6.3609750000e+03 3.0016223143e-01
6.3610000000e+03 3.0015417725e-01
6.3610250000e+03 3.0014583483e-01
6.3610500000e+03 3.0013744303e-01
6.3610750000e+03 3.0012902390e-01
6.3611000000e+03 3.0012051210e-01
6.3611250000e+03 3.0011184161e-01
6.3611500000e+03 3.0010296327e-01
6.3611750000e+03 3.0009383519e-01
6.3612000000e+03 3.0008441676e-01
6.3612250000e+03 3.0007466223e-01
6.3612500000e+03 3.0006451216e-01
6.3612750000e+03 3.0005387971e-01
6.3613000000e+03 3.0004262212e-01
6.3613250000e+03 3.0003052658e-01
6.3613500000e+03 3.0001742445e-01
6.3613750000e+03 3.0000359584e-01
6.3614000000e+03 2.9999017415e-01
6.3614250000e+03 2.9997878503e-01
6.3614500000e+03 2.9997038570e-01
6.3614750000e+03 2.9996459253e-01
6.3615000000e+03 2.9996025786e-01
6.3615250000e+03 2.9995640253e-01
6.3615500000e+03 2.9995255174e-01
6.3615750000e+03 2.9994856444e-01
6.3616000000e+03 2.9994441510e-01
6.3616250000e+03 2.9994008861e-01
6.3616500000e+03 2.9993554415e-01
6.3616750000e+03 2.9993070160e-01
6.3617000000e+03 2.9992544167e-01
6.3617250000e+03 2.9991970201e-01
6.3617500000e+03 2.9991370970e-01
6.3617750000e+03 2.9990812536e-01
6.3618000000e+03 2.9990372463e-01
6.3618250000e+03 2.9990082106e-01
6.3618500000e+03 2.9989911139e-01
6.3618750000e+03 2.9989806271e-01
6.3619000000e+03 2.9989730288e-01
6.3619250000e+03 2.9989668213e-01
6.3619500000e+03 2.9989615991e-01
6.3619750000e+03 2.9989572613e-01
6.3620000000e+03 2.9989537411e-01
6.3620250000e+03 2.9989508563e-01
6.3620500000e+03 2.9989479061e-01
6.3620750000e+03 2.9989426098e-01
6.3621000000e+03 2.9989299990e-01
6.3621250000e+03 2.9989037667e-01
6.3621500000e+03 2.9988611978e-01
6.3621750000e+03 2.9988067768e-01
6.3622000000e+03 2.9987492286e-01
6.3622250000e+03 2.9986952754e-01
6.3622500000e+03 2.9986470535e-01
6.3622750000e+03 2.9986039527e-01
6.3623000000e+03 2.9985648751e-01
6.3623250000e+03 2.9985290464e-01
6.3623500000e+03 2.9984960013e-01
6.3623750000e+03 2.9984654418e-01
6.3624000000e+03 2.9984371674e-01
6.3624250000e+03 2.9984110301e-01
6.3624500000e+03 2.9983869072e-01
6.3624750000e+03 2.9983647044e-01
6.3625000000e+03 2.9983443480e-01
6.3625250000e+03 2.9983257589e-01
6.3625500000e+03 2.9983087901e-01
6.3625750000e+03 2.9982932013e-01
6.3626000000e+03 2.9982787631e-01
6.3626250000e+03 2.9982654596e-01
6.3626500000e+03 2.9982535398e-01
6.3626750000e+03 2.9982433111e-01
6.3627000000e+03 2.9982349448e-01
6.3627250000e+03 2.9982284485e-01
6.3627500000e+03 2.9982237708e-01
6.3627750000e+03 2.9982208681e-01
6.3628000000e+03 2.9982197426e-01
6.3628250000e+03 2.9982204440e-01
6.3628500000e+03 2.9982230511e-01
6.3628750000e+03 2.9982276569e-01
6.3629000000e+03 2.9982343810e-01
6.3629250000e+03 2.9982433849e-01
6.3629500000e+03 2.9982549481e-01
6.3629750000e+03 2.9982695569e-01
6.3630000000e+03 2.9982878228e-01
6.3630250000e+03 2.9983098229e-01
6.3630500000e+03 2.9983337372e-01
6.3630750000e+03 2.9983554295e-01
6.3631000000e+03 2.9983707172e-01
6.3631250000e+03 2.9983784772e-01
6.3631500000e+03 2.9983809374e-01
6.3631750000e+03 2.9983812095e-01
6.3632000000e+03 2.9983813227e-01
6.3632250000e+03 2.9983820995e-01
6.3632500000e+03 2.9983837787e-01
6.3632750000e+03 2.9983864264e-01
6.3633000000e+03 2.9983900634e-01
6.3633250000e+03 2.9983946962e-01
6.3633500000e+03 2.9984003316e-01
6.3633750000e+03 2.9984069761e-01
6.3634000000e+03 2.9984146339e-01
6.3634250000e+03 2.9984233094e-01
6.3634500000e+03 2.9984330105e-01
6.3634750000e+03 2.9984437375e-01
6.3635000000e+03 2.9984554945e-01
6.3635250000e+03 2.9984682767e-01
6.3635500000e+03 2.9984820829e-01
6.3635750000e+03 2.9984969215e-01
6.3636000000e+03 2.9985128012e-01
6.3636250000e+03 2.9985297439e-01
6.3636500000e+03 2.9985477798e-01
6.3636750000e+03 2.9985669452e-01
6.3637000000e+03 2.9985872817e-01
6.3637250000e+03 2.9986088394e-01
6.3637500000e+03 2.9986316687e-01
6.3637750000e+03 2.9986558255e-01
6.3638000000e+03 2.9986813695e-01
6.3638250000e+03 2.9987083381e-01
6.3638500000e+03 2.9987367365e-01
6.3638750000e+03 2.9987664983e-01
6.3639000000e+03 2.9987974187e-01
6.3639250000e+03 2.9988291613e-01
6.3639500000e+03 2.9988613744e-01
6.3639750000e+03 2.9988938291e-01
6.3640000000e+03 2.9989264826e-01
6.3640250000e+03 2.9989594619e-01
6.3640500000e+03 2.9989930540e-01
6.3640750000e+03 2.9990277370e-01
6.3641000000e+03 2.9990642544e-01
6.3641250000e+03 2.9991038526e-01
6.3641500000e+03 2.9991491795e-01
6.3641750000e+03 2.9992059425e-01
6.3642000000e+03 2.9992826585e-01
6.3642250000e+03 2.9993843075e-01
6.3642500000e+03 2.9995034943e-01
6.3642750000e+03 2.9996216685e-01
6.3643000000e+03 2.9997226379e-01
6.3643250000e+03 2.9998027877e-01
6.3643500000e+03 2.9998678230e-01
6.3643750000e+03 2.9999243174e-01
6.3644000000e+03 2.9999759952e-01
6.3644250000e+03 3.0000244145e-01
6.3644500000e+03 3.0000702292e-01
6.3644750000e+03 3.0001137909e-01
6.3645000000e+03 3.0001553262e-01
6.3645250000e+03 3.0001949675e-01
6.3645500000e+03 3.0002326401e-01
6.3645750000e+03 3.0002677067e-01
6.3646000000e+03 3.0002985716e-01
6.3646250000e+03 3.0003230386e-01
6.3646500000e+03 3.0003399552e-01
6.3646750000e+03 3.0003507231e-01
6.3647000000e+03 3.0003584808e-01
6.3647250000e+03 3.0003656990e-01
6.3647500000e+03 3.0003730889e-01
6.3647750000e+03 3.0003803943e-01
6.3648000000e+03 3.0003873522e-01
6.3648250000e+03 3.0003939012e-01
6.3648500000e+03 3.0004000304e-01
6.3648750000e+03 3.0004056887e-01
6.3649000000e+03 3.0004107975e-01
6.3649250000e+03 3.0004152816e-01
6.3649500000e+03 3.0004190980e-01
6.3649750000e+03 3.0004222299e-01
6.3650000000e+03 3.0004246814e-01
6.3650250000e+03 3.0004264607e-01
6.3650500000e+03 3.0004275631e-01
6.3650750000e+03 3.0004279757e-01
6.3651000000e+03 3.0004276997e-01
6.3651250000e+03 3.0004267231e-01
6.3651500000e+03 3.0004250351e-01
6.3651750000e+03 3.0004226393e-01
6.3652000000e+03 3.0004195297e-01
6.3652250000e+03 3.0004156957e-01
6.3652500000e+03 3.0004111346e-01
6.3652750000e+03 3.0004058429e-01
6.3653000000e+03 3.0003998171e-01
6.3653250000e+03 3.0003930562e-01
6.3653500000e+03 3.0003855571e-01
6.3653750000e+03 3.0003773082e-01
6.3654000000e+03 3.0003683057e-01
6.3654250000e+03 3.0003585457e-01
6.3654500000e+03 3.0003480220e-01
6.3654750000e+03 3.0003367329e-01
6.3655000000e+03 3.0003246762e-01
6.3655250000e+03 3.0003118427e-01
6.3655500000e+03 3.0002982254e-01
6.3655750000e+03 3.0002838187e-01
6.3656000000e+03 3.0002686162e-01
6.3656250000e+03 3.0002526071e-01
6.3656500000e+03 3.0002357766e-01
6.3656750000e+03 3.0002181007e-01
6.3657000000e+03 3.0001995526e-01
6.3657250000e+03 3.0001800767e-01
6.3657500000e+03 3.0001595428e-01
6.3657750000e+03 3.0001376186e-01
6.3658000000e+03 3.0001137005e-01
6.3658250000e+03 3.0000871354e-01
6.3658500000e+03 3.0000577832e-01
6.3658750000e+03 3.0000262882e-01
6.3659000000e+03 2.9999936053e-01
6.3659250000e+03 2.9999603388e-01
6.3659500000e+03 2.9999265919e-01
6.3659750000e+03 2.9998922163e-01
6.3660000000e+03 2.9998570313e-01
6.3660250000e+03 2.9998208707e-01
6.3660500000e+03 2.9997834789e-01
6.3660750000e+03 2.9997443702e-01
6.3661000000e+03 2.9997027161e-01
6.3661250000e+03 2.9996573894e-01
6.3661500000e+03 2.9996073275e-01
6.3661750000e+03 2.9995520161e-01
6.3662000000e+03 2.9994915753e-01
6.3662250000e+03 2.9994261812e-01
6.3662500000e+03 2.9993552270e-01
6.3662750000e+03 2.9992773779e-01
6.3663000000e+03 2.9991927487e-01
6.3663250000e+03 2.9991065765e-01
6.3663500000e+03 2.9990299106e-01
6.3663750000e+03 2.9989734989e-01
6.3664000000e+03 2.9989399256e-01
6.3664250000e+03 2.9989231256e-01
6.3664500000e+03 2.9989149575e-01
6.3664750000e+03 2.9989102554e-01
6.3665000000e+03 2.9989070488e-01
6.3665250000e+03 2.9989049253e-01
6.3665500000e+03 2.9989039127e-01
6.3665750000e+03 2.9989040897e-01
6.3666000000e+03 2.9989055313e-01
6.3666250000e+03 2.9989083610e-01
6.3666500000e+03 2.9989128078e-01
6.3666750000e+03 2.9989192698e-01
6.3667000000e+03 2.9989280947e-01
6.3667250000e+03 2.9989388497e-01
6.3667500000e+03 2.9989494658e-01
6.3667750000e+03 2.9989566557e-01
6.3668000000e+03 2.9989580639e-01
6.3668250000e+03 2.9989539861e-01
6.3668500000e+03 2.9989465506e-01
6.3668750000e+03 2.9989377742e-01
6.3669000000e+03 2.9989286749e-01
6.3669250000e+03 2.9989195648e-01
6.3669500000e+03 2.9989105057e-01
6.3669750000e+03 2.9989015435e-01
6.3670000000e+03 2.9988927108e-01
6.3670250000e+03 2.9988840053e-01
6.3670500000e+03 2.9988753226e-01
6.3670750000e+03 2.9988664092e-01
6.3671000000e+03 2.9988568924e-01
6.3671250000e+03 2.9988465135e-01
6.3671500000e+03 2.9988354007e-01
6.3671750000e+03 2.9988240035e-01
6.3672000000e+03 2.9988127332e-01
6.3672250000e+03 2.9988017412e-01
6.3672500000e+03 2.9987909700e-01
6.3672750000e+03 2.9987802986e-01
6.3673000000e+03 2.9987696229e-01
6.3673250000e+03 2.9987588805e-01
6.3673500000e+03 2.9987480337e-01
6.3673750000e+03 2.9987370570e-01
6.3674000000e+03 2.9987259105e-01
6.3674250000e+03 2.9987145127e-01
6.3674500000e+03 2.9987027808e-01
6.3674750000e+03 2.9986906241e-01
6.3675000000e+03 2.9986779562e-01
6.3675250000e+03 2.9986646852e-01
6.3675500000e+03 2.9986506929e-01
6.3675750000e+03 2.9986358516e-01
6.3676000000e+03 2.9986200201e-01
6.3676250000e+03 2.9986030388e-01
6.3676500000e+03 2.9985847122e-01
6.3676750000e+03 2.9985648120e-01
6.3677000000e+03 2.9985430695e-01
6.3677250000e+03 2.9985191612e-01
6.3677500000e+03 2.9984927035e-01
6.3677750000e+03 2.9984632314e-01
6.3678000000e+03 2.9984301744e-01
6.3678250000e+03 2.9983928376e-01
6.3678500000e+03 2.9983503686e-01
6.3678750000e+03 2.9983016751e-01
6.3679000000e+03 2.9982449894e-01
6.3679250000e+03 2.9981762099e-01
6.3679500000e+03 2.9980853518e-01
6.3679750000e+03 2.9979530446e-01
6.3680000000e+03 2.9977511844e-01
6.3680250000e+03 2.9974415110e-01
6.3680500000e+03 2.9969449540e-01
6.3680750000e+03 2.9960996960e-01
6.3681000000e+03 2.9947002523e-01
6.3681250000e+03 2.9926010586e-01
6.3681500000e+03 2.9897501083e-01
6.3681750000e+03 2.9861630379e-01
6.3682000000e+03 2.9819036068e-01
6.3682250000e+03 2.9770727984e-01
6.3682500000e+03 2.9718090717e-01
6.3682750000e+03 2.9662896301e-01
6.3683000000e+03 2.9607278232e-01
6.3683250000e+03 2.9553404823e-01
6.3683500000e+03 2.9502686490e-01
6.3683750000e+03 2.9455317450e-01
6.3684000000e+03 2.9410833830e-01
6.3684250000e+03 2.9368776624e-01
6.3684500000e+03 2.9328830758e-01
6.3684750000e+03 2.9290790028e-01
6.3685000000e+03 2.9254514577e-01
6.3685250000e+03 2.9219901210e-01
6.3685500000e+03 2.9186864481e-01
6.3685750000e+03 2.9155327618e-01
6.3686000000e+03 2.9125222748e-01
6.3686250000e+03 2.9096494367e-01
6.3686500000e+03 2.9069099548e-01
6.3686750000e+03 2.9043004251e-01
6.3687000000e+03 2.9018179405e-01
6.3687250000e+03 2.8994599169e-01
6.3687500000e+03 2.8972240585e-01
6.3687750000e+03 2.8951083190e-01
6.3688000000e+03 2.8931108885e-01
6.3688250000e+03 2.8912301699e-01
6.3688500000e+03 2.8894647353e-01
6.3688750000e+03 2.8878133302e-01
6.3689000000e+03 2.8862748274e-01
6.3689250000e+03 2.8848482262e-01
6.3689500000e+03 2.8835326514e-01
6.3689750000e+03 2.8823273290e-01
6.3690000000e+03 2.8812315679e-01
6.3690250000e+03 2.8802447344e-01
6.3690500000e+03 2.8793662552e-01
6.3690750000e+03 2.8785956216e-01
6.3691000000e+03 2.8779324278e-01
6.3691250000e+03 2.8773763602e-01
6.3691500000e+03 2.8769271179e-01
6.3691750000e+03 2.8765842326e-01
6.3692000000e+03 2.8763469159e-01
6.3692250000e+03 2.8762141825e-01
6.3692500000e+03 2.8761854350e-01
6.3692750000e+03 2.8762609665e-01
6.3693000000e+03 2.8764417407e-01
6.3693250000e+03 2.8767287077e-01
6.3693500000e+03 2.8771224270e-01
6.3693750000e+03 2.8776231647e-01
6.3694000000e+03 2.8782311106e-01
6.3694250000e+03 2.8789464906e-01
6.3694500000e+03 2.8797696154e-01
6.3694750000e+03 2.8807008897e-01
6.3695000000e+03 2.8817408212e-01
6.3695250000e+03 2.8828900049e-01
6.3695500000e+03 2.8841491072e-01
6.3695750000e+03 2.8855188728e-01
6.3696000000e+03 2.8870001193e-01
6.3696250000e+03 2.8885937831e-01
6.3696500000e+03 2.8903009418e-01
6.3696750000e+03 2.8921227876e-01
6.3697000000e+03 2.8940606573e-01
6.3697250000e+03 2.8961160724e-01
6.3697500000e+03 2.8982907559e-01
6.3697750000e+03 2.9005866478e-01
6.3698000000e+03 2.9030059578e-01
6.3698250000e+03 2.9055512108e-01
6.3698500000e+03 2.9082253061e-01
6.3698750000e+03 2.9110316061e-01
6.3699000000e+03 2.9139740313e-01
6.3699250000e+03 2.9170572091e-01
6.3699500000e+03 2.9202866823e-01
6.3699750000e+03 2.9236692395e-01
6.3700000000e+03 2.9272134341e-01
6.3700250000e+03 2.9309305286e-01
6.3700500000e+03 2.9348355582e-01
6.3700750000e+03 2.9389468951e-01
6.3701000000e+03 2.9432831941e-01
6.3701250000e+03 2.9478623237e-01
6.3701500000e+03 2.9527110917e-01
6.3701750000e+03 2.9578591714e-01
6.3702000000e+03 2.9632725070e-01
6.3702250000e+03 2.9687956303e-01
6.3702500000e+03 2.9742041583e-01
6.3702750000e+03 2.9792863991e-01
6.3703000000e+03 2.9838743012e-01
6.3703250000e+03 2.9878468033e-01
6.3703500000e+03 2.9911208393e-01
6.3703750000e+03 2.9936492405e-01
6.3704000000e+03 2.9954310733e-01
6.3704250000e+03 2.9965363712e-01
6.3704500000e+03 2.9971283575e-01
6.3704750000e+03 2.9974214176e-01
6.3705000000e+03 2.9975809226e-01
6.3705250000e+03 2.9976847434e-01
6.3705500000e+03 2.9977605180e-01
6.3705750000e+03 2.9978181517e-01
6.3706000000e+03 2.9978618892e-01
6.3706250000e+03 2.9978946876e-01
6.3706500000e+03 2.9979196280e-01
6.3706750000e+03 2.9979396915e-01
6.3707000000e+03 2.9979568701e-01
6.3707250000e+03 2.9979719502e-01
6.3707500000e+03 2.9979850623e-01
6.3707750000e+03 2.9979962934e-01
6.3708000000e+03 2.9980058791e-01
6.3708250000e+03 2.9980141214e-01
6.3708500000e+03 2.9980213066e-01
6.3708750000e+03 2.9980276780e-01
6.3709000000e+03 2.9980334445e-01
6.3709250000e+03 2.9980387768e-01
6.3709500000e+03 2.9980438306e-01
6.3709750000e+03 2.9980487255e-01
6.3710000000e+03 2.9980535802e-01
6.3710250000e+03 2.9980585015e-01
6.3710500000e+03 2.9980635733e-01
6.3710750000e+03 2.9980688778e-01
6.3711000000e+03 2.9980745024e-01
6.3711250000e+03 2.9980805281e-01
6.3711500000e+03 2.9980870297e-01
6.3711750000e+03 2.9980940661e-01
6.3712000000e+03 2.9981016798e-01
6.3712250000e+03 2.9981099059e-01
6.3712500000e+03 2.9981188239e-01
6.3712750000e+03 2.9981286073e-01
6.3713000000e+03 2.9981393992e-01
6.3713250000e+03 2.9981510253e-01
6.3713500000e+03 2.9981627711e-01
6.3713750000e+03 2.9981737325e-01
6.3714000000e+03 2.9981835240e-01
6.3714250000e+03 2.9981924754e-01
6.3714500000e+03 2.9982011833e-01
6.3714750000e+03 2.9982100860e-01
6.3715000000e+03 2.9982194258e-01
6.3715250000e+03 2.9982293736e-01
6.3715500000e+03 2.9982400528e-01
6.3715750000e+03 2.9982515345e-01
6.3716000000e+03 2.9982638440e-01
6.3716250000e+03 2.9982769871e-01
6.3716500000e+03 2.9982909677e-01
6.3716750000e+03 2.9983057908e-01
6.3717000000e+03 2.9983214730e-01
6.3717250000e+03 2.9983380203e-01
6.3717500000e+03 2.9983554420e-01
6.3717750000e+03 2.9983737506e-01
6.3718000000e+03 2.9983930024e-01
6.3718250000e+03 2.9984130639e-01
6.3718500000e+03 2.9984348437e-01
6.3718750000e+03 2.9984584425e-01
6.3719000000e+03 2.9984835216e-01
6.3719250000e+03 2.9985100975e-01
6.3719500000e+03 2.9985381352e-01
6.3719750000e+03 2.9985676362e-01
6.3720000000e+03 2.9985986100e-01
6.3720250000e+03 2.9986310772e-01
6.3720500000e+03 2.9986650628e-01
6.3720750000e+03 2.9987005948e-01
6.3721000000e+03 2.9987377298e-01
6.3721250000e+03 2.9987765767e-01
6.3721500000e+03 2.9988172980e-01
6.3721750000e+03 2.9988600878e-01
6.3722000000e+03 2.9989051165e-01
6.3722250000e+03 2.9989525113e-01
6.3722500000e+03 2.9990024369e-01
6.3722750000e+03 2.9990552513e-01
6.3723000000e+03 2.9991117372e-01
6.3723250000e+03 2.9991731349e-01
6.3723500000e+03 2.9992399417e-01
6.3723750000e+03 2.9993092233e-01
6.3724000000e+03 2.9993733263e-01
6.3724250000e+03 2.9994238024e-01
6.3724500000e+03 2.9994577380e-01
6.3724750000e+03 2.9994790539e-01
6.3725000000e+03 2.9994939666e-01
6.3725250000e+03 2.9995067515e-01
6.3725500000e+03 2.9995191727e-01
6.3725750000e+03 2.9995317138e-01
6.3726000000e+03 2.9995444881e-01
6.3726250000e+03 2.9995575598e-01
6.3726500000e+03 2.9995710053e-01
6.3726750000e+03 2.9995848649e-01
6.3727000000e+03 2.9995989923e-01
6.3727250000e+03 2.9996129179e-01
6.3727500000e+03 2.9996260437e-01
6.3727750000e+03 2.9996380681e-01
6.3728000000e+03 2.9996491866e-01
6.3728250000e+03 2.9996597777e-01
6.3728500000e+03 2.9996702633e-01
6.3728750000e+03 2.9996803811e-01
6.3729000000e+03 2.9996802162e-01
6.3729250000e+03 2.9996830286e-01
6.3729500000e+03 2.9996856832e-01
6.3729750000e+03 2.9996883805e-01
6.3730000000e+03 2.9996910662e-01
6.3730250000e+03 2.9996937551e-01
6.3730500000e+03 2.9996964431e-01
6.3730750000e+03 2.9996991313e-01
6.3731000000e+03 2.9997018195e-01
6.3731250000e+03 2.9997045077e-01
6.3731500000e+03 2.9997071959e-01
6.3731750000e+03 2.9997098841e-01
6.3732000000e+03 2.9997125723e-01
6.3732250000e+03 2.9997152605e-01
6.3732500000e+03 2.9997179487e-01
6.3732750000e+03 2.9997206369e-01
6.3733000000e+03 2.9997233251e-01
6.3733250000e+03 2.9997260133e-01
6.3733500000e+03 2.9997287015e-01
6.3733750000e+03 2.9997313897e-01
6.3734000000e+03 2.9997340779e-01
6.3734250000e+03 2.9997367661e-01
6.3734500000e+03 2.9997394543e-01
6.3734750000e+03 2.9997421425e-01
6.3735000000e+03 2.9997448307e-01
6.3735250000e+03 2.9997475189e-01
6.3735500000e+03 2.9997502071e-01
6.3735750000e+03 2.9997528953e-01
6.3736000000e+03 2.9997555835e-01
6.3736250000e+03 2.9997582717e-01
6.3736500000e+03 2.9997609599e-01
6.3736750000e+03 2.9997636480e-01
6.3737000000e+03 2.9997663362e-01
6.3737250000e+03 2.9997690244e-01
6.3737500000e+03 2.9997717126e-01
6.3737750000e+03 2.9997744008e-01
6.3738000000e+03 2.9997770890e-01
6.3738250000e+03 2.9997797772e-01
6.3738500000e+03 2.9997824654e-01
6.3738750000e+03 2.9997851536e-01
6.3739000000e+03 2.9997878418e-01
6.3739250000e+03 2.9997905300e-01
6.3739500000e+03 2.9997932182e-01
6.3739750000e+03 2.9997959064e-01
6.3740000000e+03 2.9997985946e-01
6.3740250000e+03 2.9998012828e-01
6.3740500000e+03 2.9998039710e-01
6.3740750000e+03 2.9998066592e-01
6.3741000000e+03 2.9998093474e-01
6.3741250000e+03 2.9998120356e-01
6.3741500000e+03 2.9998147238e-01
6.3741750000e+03 2.9998174120e-01
6.3742000000e+03 2.9998201002e-01
6.3742250000e+03 2.9998227884e-01
6.3742500000e+03 2.9998254766e-01
6.3742750000e+03 2.9998281648e-01
6.3743000000e+03 2.9998308530e-01
6.3743250000e+03 2.9998335412e-01
6.3743500000e+03 2.9998362294e-01
6.3743750000e+03 2.9998389175e-01
6.3744000000e+03 2.9998416057e-01
6.3744250000e+03 2.9998442939e-01
6.3744500000e+03 2.9998469821e-01
6.3744750000e+03 2.9998496703e-01
6.3745000000e+03 2.9998523585e-01
6.3745250000e+03 2.9998550467e-01
6.3745500000e+03 2.9998577349e-01
6.3745750000e+03 2.9998604231e-01
6.3746000000e+03 2.9998631113e-01
6.3746250000e+03 2.9998657995e-01
6.3746500000e+03 2.9998684877e-01
6.3746750000e+03 2.9998711759e-01
6.3747000000e+03 2.9998738641e-01
6.3747250000e+03 2.9998765523e-01
6.3747500000e+03 2.9998792405e-01
6.3747750000e+03 2.9998819287e-01
6.3748000000e+03 2.9998846169e-01
6.3748250000e+03 2.9998873051e-01
6.3748500000e+03 2.9998899933e-01
6.3748750000e+03 2.9998926815e-01
6.3749000000e+03 2.9998953697e-01
6.3749250000e+03 2.9998980579e-01
6.3749500000e+03 2.9999007461e-01
6.3749750000e+03 2.9999034343e-01
6.3750000000e+03 2.9999061225e-01
