# Component: secondary
# Region: (6330.0,6375.0)
# KOREL: False
# Parameters: {'rv': -49.9460982465, 'teff': 18000.0, 'vrot': 50.0, 'logg': 4.2, 'lr': 0.3, 'z': 1.0}
6.3300000000e+03 2.9980985623e-01
6.3300250000e+03 2.9980163540e-01
6.3300500000e+03 2.9979357757e-01
6.3300750000e+03 2.9978537724e-01
6.3301000000e+03 2.9977695002e-01
6.3301250000e+03 2.9976852914e-01
6.3301500000e+03 2.9976045914e-01
6.3301750000e+03 2.9975294490e-01
6.3302000000e+03 2.9974600842e-01
6.3302250000e+03 2.9973959220e-01
6.3302500000e+03 2.9973364022e-01
6.3302750000e+03 2.9972811675e-01
6.3303000000e+03 2.9972300008e-01
6.3303250000e+03 2.9971827489e-01
6.3303500000e+03 2.9971392990e-01
6.3303750000e+03 2.9970995186e-01
6.3304000000e+03 2.9970632221e-01
6.3304250000e+03 2.9970302293e-01
6.3304500000e+03 2.9970004504e-01
6.3304750000e+03 2.9969739075e-01
6.3305000000e+03 2.9969506679e-01
6.3305250000e+03 2.9969307928e-01
6.3305500000e+03 2.9969143260e-01
6.3305750000e+03 2.9969012930e-01
6.3306000000e+03 2.9968917332e-01
6.3306250000e+03 2.9968857085e-01
6.3306500000e+03 2.9968833015e-01
6.3306750000e+03 2.9968846433e-01
6.3307000000e+03 2.9968899253e-01
6.3307250000e+03 2.9968994718e-01
6.3307500000e+03 2.9969137282e-01
6.3307750000e+03 2.9969329830e-01
6.3308000000e+03 2.9969567375e-01
6.3308250000e+03 2.9969832371e-01
6.3308500000e+03 2.9970099005e-01
6.3308750000e+03 2.9970343781e-01
6.3309000000e+03 2.9970551209e-01
6.3309250000e+03 2.9970714307e-01
6.3309500000e+03 2.9970835330e-01
6.3309750000e+03 2.9970925635e-01
6.3310000000e+03 2.9971001373e-01
6.3310250000e+03 2.9971077294e-01
6.3310500000e+03 2.9971163104e-01
6.3310750000e+03 2.9971262934e-01
6.3311000000e+03 2.9971377416e-01
6.3311250000e+03 2.9971506780e-01
6.3311500000e+03 2.9971653371e-01
6.3311750000e+03 2.9971821279e-01
6.3312000000e+03 2.9972013870e-01
6.3312250000e+03 2.9972232479e-01
6.3312500000e+03 2.9972476992e-01
6.3312750000e+03 2.9972747053e-01
6.3313000000e+03 2.9973042487e-01
6.3313250000e+03 2.9973363249e-01
6.3313500000e+03 2.9973709411e-01
6.3313750000e+03 2.9974081093e-01
6.3314000000e+03 2.9974478524e-01
6.3314250000e+03 2.9974902108e-01
6.3314500000e+03 2.9975352204e-01
6.3314750000e+03 2.9975829222e-01
6.3315000000e+03 2.9976333656e-01
6.3315250000e+03 2.9976866091e-01
6.3315500000e+03 2.9977427274e-01
6.3315750000e+03 2.9978017967e-01
6.3316000000e+03 2.9978639119e-01
6.3316250000e+03 2.9979291895e-01
6.3316500000e+03 2.9979977725e-01
6.3316750000e+03 2.9980698234e-01
6.3317000000e+03 2.9981455246e-01
6.3317250000e+03 2.9982251074e-01
6.3317500000e+03 2.9983088768e-01
6.3317750000e+03 2.9983973004e-01
6.3318000000e+03 2.9984911481e-01
6.3318250000e+03 2.9985916677e-01
6.3318500000e+03 2.9987008879e-01
6.3318750000e+03 2.9988215104e-01
6.3319000000e+03 2.9989545072e-01
6.3319250000e+03 2.9990935683e-01
6.3319500000e+03 2.9992221839e-01
6.3319750000e+03 2.9993218131e-01
6.3320000000e+03 2.9993856488e-01
6.3320250000e+03 2.9994219740e-01
6.3320500000e+03 2.9994444821e-01
6.3320750000e+03 2.9994628905e-01
6.3321000000e+03 2.9994814041e-01
6.3321250000e+03 2.9995005812e-01
6.3321500000e+03 2.9995165967e-01
6.3321750000e+03 2.9995153396e-01
6.3322000000e+03 2.9994619326e-01
6.3322250000e+03 2.9992910508e-01
6.3322500000e+03 2.9989093799e-01
6.3322750000e+03 2.9982204900e-01
6.3323000000e+03 2.9971629355e-01
6.3323250000e+03 2.9957365541e-01
6.3323500000e+03 2.9940059213e-01
6.3323750000e+03 2.9920850054e-01
6.3324000000e+03 2.9901067232e-01
6.3324250000e+03 2.9881843809e-01
6.3324500000e+03 2.9863820270e-01
6.3324750000e+03 2.9847135103e-01
6.3325000000e+03 2.9831649866e-01
6.3325250000e+03 2.9817163849e-01
6.3325500000e+03 2.9803512784e-01
6.3325750000e+03 2.9790582023e-01
6.3326000000e+03 2.9778293351e-01
6.3326250000e+03 2.9766590993e-01
6.3326500000e+03 2.9755432916e-01
6.3326750000e+03 2.9744786127e-01
6.3327000000e+03 2.9734624473e-01
6.3327250000e+03 2.9724927319e-01
6.3327500000e+03 2.9715678269e-01
6.3327750000e+03 2.9706863647e-01
6.3328000000e+03 2.9698471367e-01
6.3328250000e+03 2.9690490470e-01
6.3328500000e+03 2.9682911446e-01
6.3328750000e+03 2.9675726040e-01
6.3329000000e+03 2.9668927036e-01
6.3329250000e+03 2.9662508115e-01
6.3329500000e+03 2.9656463756e-01
6.3329750000e+03 2.9650789078e-01
6.3330000000e+03 2.9645479819e-01
6.3330250000e+03 2.9640532222e-01
6.3330500000e+03 2.9635942934e-01
6.3330750000e+03 2.9631709034e-01
6.3331000000e+03 2.9627827816e-01
6.3331250000e+03 2.9624296633e-01
6.3331500000e+03 2.9621113090e-01
6.3331750000e+03 2.9618274779e-01
6.3332000000e+03 2.9615778445e-01
6.3332250000e+03 2.9613619647e-01
6.3332500000e+03 2.9611794005e-01
6.3332750000e+03 2.9610299555e-01
6.3333000000e+03 2.9609137358e-01
6.3333250000e+03 2.9608309632e-01
6.3333500000e+03 2.9607817951e-01
6.3333750000e+03 2.9607662894e-01
6.3334000000e+03 2.9607844518e-01
6.3334250000e+03 2.9608362609e-01
6.3334500000e+03 2.9609216709e-01
6.3334750000e+03 2.9610406052e-01
6.3335000000e+03 2.9611929796e-01
6.3335250000e+03 2.9613787943e-01
6.3335500000e+03 2.9615982534e-01
6.3335750000e+03 2.9618517228e-01
6.3336000000e+03 2.9621395046e-01
6.3336250000e+03 2.9624616487e-01
6.3336500000e+03 2.9628180919e-01
6.3336750000e+03 2.9632089617e-01
6.3337000000e+03 2.9636346512e-01
6.3337250000e+03 2.9640956893e-01
6.3337500000e+03 2.9645925747e-01
6.3337750000e+03 2.9651257323e-01
6.3338000000e+03 2.9656955606e-01
6.3338250000e+03 2.9663024771e-01
6.3338500000e+03 2.9669469235e-01
6.3338750000e+03 2.9676293827e-01
6.3339000000e+03 2.9683504100e-01
6.3339250000e+03 2.9691107022e-01
6.3339500000e+03 2.9699111146e-01
6.3339750000e+03 2.9707526418e-01
6.3340000000e+03 2.9716364078e-01
6.3340250000e+03 2.9725636998e-01
6.3340500000e+03 2.9735360207e-01
6.3340750000e+03 2.9745551497e-01
6.3341000000e+03 2.9756232298e-01
6.3341250000e+03 2.9767428864e-01
6.3341500000e+03 2.9779174061e-01
6.3341750000e+03 2.9791510033e-01
6.3342000000e+03 2.9804492882e-01
6.3342250000e+03 2.9818201651e-01
6.3342500000e+03 2.9832752970e-01
6.3342750000e+03 2.9848315617e-01
6.3343000000e+03 2.9865092174e-01
6.3343250000e+03 2.9883207456e-01
6.3343500000e+03 2.9902484138e-01
6.3343750000e+03 2.9922234221e-01
6.3344000000e+03 2.9941292941e-01
6.3344250000e+03 2.9958333729e-01
6.3344500000e+03 2.9972254315e-01
6.3344750000e+03 2.9982468834e-01
6.3345000000e+03 2.9989054106e-01
6.3345250000e+03 2.9992692707e-01
6.3345500000e+03 2.9994382295e-01
6.3345750000e+03 2.9995035999e-01
6.3346000000e+03 2.9995245625e-01
6.3346250000e+03 2.9995300304e-01
6.3346500000e+03 2.9995310339e-01
6.3346750000e+03 2.9995310116e-01
6.3347000000e+03 2.9995308506e-01
6.3347250000e+03 2.9995307720e-01
6.3347500000e+03 2.9995308187e-01
6.3347750000e+03 2.9995309286e-01
6.3348000000e+03 2.9995309571e-01
6.3348250000e+03 2.9995307412e-01
6.3348500000e+03 2.9995302152e-01
6.3348750000e+03 2.9995294338e-01
6.3349000000e+03 2.9995283372e-01
6.3349250000e+03 2.9995261617e-01
6.3349500000e+03 2.9995205561e-01
6.3349750000e+03 2.9995074071e-01
6.3350000000e+03 2.9994830791e-01
6.3350250000e+03 2.9994480282e-01
6.3350500000e+03 2.9994073668e-01
6.3350750000e+03 2.9993670186e-01
6.3351000000e+03 2.9993300368e-01
6.3351250000e+03 2.9992966412e-01
6.3351500000e+03 2.9992660869e-01
6.3351750000e+03 2.9992377336e-01
6.3352000000e+03 2.9992112033e-01
6.3352250000e+03 2.9991862728e-01
6.3352500000e+03 2.9991627880e-01
6.3352750000e+03 2.9991406260e-01
6.3353000000e+03 2.9991197012e-01
6.3353250000e+03 2.9990999412e-01
6.3353500000e+03 2.9990812792e-01
6.3353750000e+03 2.9990636702e-01
6.3354000000e+03 2.9990470820e-01
6.3354250000e+03 2.9990314883e-01
6.3354500000e+03 2.9990168682e-01
6.3354750000e+03 2.9990032088e-01
6.3355000000e+03 2.9989905062e-01
6.3355250000e+03 2.9989787632e-01
6.3355500000e+03 2.9989679783e-01
6.3355750000e+03 2.9989581259e-01
6.3356000000e+03 2.9989491014e-01
6.3356250000e+03 2.9989407046e-01
6.3356500000e+03 2.9989326867e-01
6.3356750000e+03 2.9989248977e-01
6.3357000000e+03 2.9989173779e-01
6.3357250000e+03 2.9989102453e-01
6.3357500000e+03 2.9989035034e-01
6.3357750000e+03 2.9988970473e-01
6.3358000000e+03 2.9988908078e-01
6.3358250000e+03 2.9988848173e-01
6.3358500000e+03 2.9988792054e-01
6.3358750000e+03 2.9988741161e-01
6.3359000000e+03 2.9988696514e-01
6.3359250000e+03 2.9988658817e-01
6.3359500000e+03 2.9988628849e-01
6.3359750000e+03 2.9988607589e-01
6.3360000000e+03 2.9988595699e-01
6.3360250000e+03 2.9988592865e-01
6.3360500000e+03 2.9988597847e-01
6.3360750000e+03 2.9988609455e-01
6.3361000000e+03 2.9988627347e-01
6.3361250000e+03 2.9988651591e-01
6.3361500000e+03 2.9988682381e-01
6.3361750000e+03 2.9988719970e-01
6.3362000000e+03 2.9988764563e-01
6.3362250000e+03 2.9988816358e-01
6.3362500000e+03 2.9988875630e-01
6.3362750000e+03 2.9988942892e-01
6.3363000000e+03 2.9989018704e-01
6.3363250000e+03 2.9989103017e-01
6.3363500000e+03 2.9989194434e-01
6.3363750000e+03 2.9989290165e-01
6.3364000000e+03 2.9989387703e-01
6.3364250000e+03 2.9989486643e-01
6.3364500000e+03 2.9989588374e-01
6.3364750000e+03 2.9989694500e-01
6.3365000000e+03 2.9989806040e-01
6.3365250000e+03 2.9989923519e-01
6.3365500000e+03 2.9990047299e-01
6.3365750000e+03 2.9990177722e-01
6.3366000000e+03 2.9990315107e-01
6.3366250000e+03 2.9990459756e-01
6.3366500000e+03 2.9990611962e-01
6.3366750000e+03 2.9990771905e-01
6.3367000000e+03 2.9990939780e-01
6.3367250000e+03 2.9991115924e-01
6.3367500000e+03 2.9991300639e-01
6.3367750000e+03 2.9991494322e-01
6.3368000000e+03 2.9991697389e-01
6.3368250000e+03 2.9991910355e-01
6.3368500000e+03 2.9992133947e-01
6.3368750000e+03 2.9992369030e-01
6.3369000000e+03 2.9992616493e-01
6.3369250000e+03 2.9992877265e-01
6.3369500000e+03 2.9993152470e-01
6.3369750000e+03 2.9993444376e-01
6.3370000000e+03 2.9993757892e-01
6.3370250000e+03 2.9994101310e-01
6.3370500000e+03 2.9994482364e-01
6.3370750000e+03 2.9994894046e-01
6.3371000000e+03 2.9995297709e-01
6.3371250000e+03 2.9995631644e-01
6.3371500000e+03 2.9995852553e-01
6.3371750000e+03 2.9995966652e-01
6.3372000000e+03 2.9996013924e-01
6.3372250000e+03 2.9996031624e-01
6.3372500000e+03 2.9996038746e-01
6.3372750000e+03 2.9996041614e-01
6.3373000000e+03 2.9996041885e-01
6.3373250000e+03 2.9996040234e-01
6.3373500000e+03 2.9996037379e-01
6.3373750000e+03 2.9996033990e-01
6.3374000000e+03 2.9996030449e-01
6.3374250000e+03 2.9996026972e-01
6.3374500000e+03 2.9996023591e-01
6.3374750000e+03 2.9996020308e-01
6.3375000000e+03 2.9996017140e-01
6.3375250000e+03 2.9996014075e-01
6.3375500000e+03 2.9996011097e-01
6.3375750000e+03 2.9996008225e-01
6.3376000000e+03 2.9996005497e-01
6.3376250000e+03 2.9996002940e-01
6.3376500000e+03 2.9996000496e-01
6.3376750000e+03 2.9995998128e-01
6.3377000000e+03 2.9995995851e-01
6.3377250000e+03 2.9995993637e-01
6.3377500000e+03 2.9995991601e-01
6.3377750000e+03 2.9995990032e-01
6.3378000000e+03 2.9995989134e-01
6.3378250000e+03 2.9995989014e-01
6.3378500000e+03 2.9995990430e-01
6.3378750000e+03 2.9995995541e-01
6.3379000000e+03 2.9996006762e-01
6.3379250000e+03 2.9996023889e-01
6.3379500000e+03 2.9996043444e-01
6.3379750000e+03 2.9996061513e-01
6.3380000000e+03 2.9996076142e-01
6.3380250000e+03 2.9996087195e-01
6.3380500000e+03 2.9996095153e-01
6.3380750000e+03 2.9996100799e-01
6.3381000000e+03 2.9996105447e-01
6.3381250000e+03 2.9996110500e-01
6.3381500000e+03 2.9996116764e-01
6.3381750000e+03 2.9996123830e-01
6.3382000000e+03 2.9996130662e-01
6.3382250000e+03 2.9996136403e-01
6.3382500000e+03 2.9996140196e-01
6.3382750000e+03 2.9996140929e-01
6.3383000000e+03 2.9996136697e-01
6.3383250000e+03 2.9996124174e-01
6.3383500000e+03 2.9996097970e-01
6.3383750000e+03 2.9996050437e-01
6.3384000000e+03 2.9995972627e-01
6.3384250000e+03 2.9995856327e-01
6.3384500000e+03 2.9995696704e-01
6.3384750000e+03 2.9995494489e-01
6.3385000000e+03 2.9995256532e-01
6.3385250000e+03 2.9994994201e-01
6.3385500000e+03 2.9994720448e-01
6.3385750000e+03 2.9994446772e-01
6.3386000000e+03 2.9994180813e-01
6.3386250000e+03 2.9993924515e-01
6.3386500000e+03 2.9993669718e-01
6.3386750000e+03 2.9993390058e-01
6.3387000000e+03 2.9993040578e-01
6.3387250000e+03 2.9992582669e-01
6.3387500000e+03 2.9992021432e-01
6.3387750000e+03 2.9991409963e-01
6.3388000000e+03 2.9990806458e-01
6.3388250000e+03 2.9990232297e-01
6.3388500000e+03 2.9989670480e-01
6.3388750000e+03 2.9989093823e-01
6.3389000000e+03 2.9988494251e-01
6.3389250000e+03 2.9987889670e-01
6.3389500000e+03 2.9987305775e-01
6.3389750000e+03 2.9986756507e-01
6.3390000000e+03 2.9986242102e-01
6.3390250000e+03 2.9985757343e-01
6.3390500000e+03 2.9985296995e-01
6.3390750000e+03 2.9984855821e-01
6.3391000000e+03 2.9984426656e-01
6.3391250000e+03 2.9984001042e-01
6.3391500000e+03 2.9983574589e-01
6.3391750000e+03 2.9983151600e-01
6.3392000000e+03 2.9982741890e-01
6.3392250000e+03 2.9982353107e-01
6.3392500000e+03 2.9981987422e-01
6.3392750000e+03 2.9981643662e-01
6.3393000000e+03 2.9981320020e-01
6.3393250000e+03 2.9981015012e-01
6.3393500000e+03 2.9980727381e-01
6.3393750000e+03 2.9980455997e-01
6.3394000000e+03 2.9980200040e-01
6.3394250000e+03 2.9979959284e-01
6.3394500000e+03 2.9979733903e-01
6.3394750000e+03 2.9979524198e-01
6.3395000000e+03 2.9979330061e-01
6.3395250000e+03 2.9979150003e-01
6.3395500000e+03 2.9978975953e-01
6.3395750000e+03 2.9978776331e-01
6.3396000000e+03 2.9978470127e-01
6.3396250000e+03 2.9977932823e-01
6.3396500000e+03 2.9977076422e-01
6.3396750000e+03 2.9975944903e-01
6.3397000000e+03 2.9974701567e-01
6.3397250000e+03 2.9973508282e-01
6.3397500000e+03 2.9972436589e-01
6.3397750000e+03 2.9971482844e-01
6.3398000000e+03 2.9970621818e-01
6.3398250000e+03 2.9969833976e-01
6.3398500000e+03 2.9969107603e-01
6.3398750000e+03 2.9968435231e-01
6.3399000000e+03 2.9967811588e-01
6.3399250000e+03 2.9967232629e-01
6.3399500000e+03 2.9966695400e-01
6.3399750000e+03 2.9966199123e-01
6.3400000000e+03 2.9965745979e-01
6.3400250000e+03 2.9965339604e-01
6.3400500000e+03 2.9964981474e-01
6.3400750000e+03 2.9964668818e-01
6.3401000000e+03 2.9964396313e-01
6.3401250000e+03 2.9964158917e-01
6.3401500000e+03 2.9963953049e-01
6.3401750000e+03 2.9963776663e-01
6.3402000000e+03 2.9963629021e-01
6.3402250000e+03 2.9963510760e-01
6.3402500000e+03 2.9963423497e-01
6.3402750000e+03 2.9963369674e-01
6.3403000000e+03 2.9963352192e-01
6.3403250000e+03 2.9963374112e-01
6.3403500000e+03 2.9963438289e-01
6.3403750000e+03 2.9963546926e-01
6.3404000000e+03 2.9963701589e-01
6.3404250000e+03 2.9963903325e-01
6.3404500000e+03 2.9964152388e-01
6.3404750000e+03 2.9964447295e-01
6.3405000000e+03 2.9964783615e-01
6.3405250000e+03 2.9965153146e-01
6.3405500000e+03 2.9965544442e-01
6.3405750000e+03 2.9965945028e-01
6.3406000000e+03 2.9966344565e-01
6.3406250000e+03 2.9966737870e-01
6.3406500000e+03 2.9967126180e-01
6.3406750000e+03 2.9967516679e-01
6.3407000000e+03 2.9967920871e-01
6.3407250000e+03 2.9968352588e-01
6.3407500000e+03 2.9968827163e-01
6.3407750000e+03 2.9969357709e-01
6.3408000000e+03 2.9969941237e-01
6.3408250000e+03 2.9970541340e-01
6.3408500000e+03 2.9971096420e-01
6.3408750000e+03 2.9971562711e-01
6.3409000000e+03 2.9971949240e-01
6.3409250000e+03 2.9972301984e-01
6.3409500000e+03 2.9972660210e-01
6.3409750000e+03 2.9973030046e-01
6.3410000000e+03 2.9973390370e-01
6.3410250000e+03 2.9973719907e-01
6.3410500000e+03 2.9974018915e-01
6.3410750000e+03 2.9974305890e-01
6.3411000000e+03 2.9974600237e-01
6.3411250000e+03 2.9974913123e-01
6.3411500000e+03 2.9975249237e-01
6.3411750000e+03 2.9975610756e-01
6.3412000000e+03 2.9975998521e-01
6.3412250000e+03 2.9976409758e-01
6.3412500000e+03 2.9976836164e-01
6.3412750000e+03 2.9977268055e-01
6.3413000000e+03 2.9977701962e-01
6.3413250000e+03 2.9978142721e-01
6.3413500000e+03 2.9978598254e-01
6.3413750000e+03 2.9979074439e-01
6.3414000000e+03 2.9979574189e-01
6.3414250000e+03 2.9980098939e-01
6.3414500000e+03 2.9980649893e-01
6.3414750000e+03 2.9981228378e-01
6.3415000000e+03 2.9981835832e-01
6.3415250000e+03 2.9982473853e-01
6.3415500000e+03 2.9983145039e-01
6.3415750000e+03 2.9983853468e-01
6.3416000000e+03 2.9984605298e-01
6.3416250000e+03 2.9985410069e-01
6.3416500000e+03 2.9986283449e-01
6.3416750000e+03 2.9987249046e-01
6.3417000000e+03 2.9988325015e-01
6.3417250000e+03 2.9989478750e-01
6.3417500000e+03 2.9990583918e-01
6.3417750000e+03 2.9991462120e-01
6.3418000000e+03 2.9992006762e-01
6.3418250000e+03 2.9992255507e-01
6.3418500000e+03 2.9992330728e-01
6.3418750000e+03 2.9992337349e-01
6.3419000000e+03 2.9992325926e-01
6.3419250000e+03 2.9992311903e-01
6.3419500000e+03 2.9992298477e-01
6.3419750000e+03 2.9992286264e-01
6.3420000000e+03 2.9992275455e-01
6.3420250000e+03 2.9992266128e-01
6.3420500000e+03 2.9992258298e-01
6.3420750000e+03 2.9992251866e-01
6.3421000000e+03 2.9992246880e-01
6.3421250000e+03 2.9992243513e-01
6.3421500000e+03 2.9992242096e-01
6.3421750000e+03 2.9992242938e-01
6.3422000000e+03 2.9992245984e-01
6.3422250000e+03 2.9992250549e-01
6.3422500000e+03 2.9992255263e-01
6.3422750000e+03 2.9992257951e-01
6.3423000000e+03 2.9992256079e-01
6.3423250000e+03 2.9992247105e-01
6.3423500000e+03 2.9992229147e-01
6.3423750000e+03 2.9992201104e-01
6.3424000000e+03 2.9992162826e-01
6.3424250000e+03 2.9992114959e-01
6.3424500000e+03 2.9992058660e-01
6.3424750000e+03 2.9991995364e-01
6.3425000000e+03 2.9991926618e-01
6.3425250000e+03 2.9991853991e-01
6.3425500000e+03 2.9991778940e-01
6.3425750000e+03 2.9991702352e-01
6.3426000000e+03 2.9991624453e-01
6.3426250000e+03 2.9991545273e-01
6.3426500000e+03 2.9991464736e-01
6.3426750000e+03 2.9991382727e-01
6.3427000000e+03 2.9991299193e-01
6.3427250000e+03 2.9991213984e-01
6.3427500000e+03 2.9991126941e-01
6.3427750000e+03 2.9991037956e-01
6.3428000000e+03 2.9990946945e-01
6.3428250000e+03 2.9990853894e-01
6.3428500000e+03 2.9990758673e-01
6.3428750000e+03 2.9990660714e-01
6.3429000000e+03 2.9990559015e-01
6.3429250000e+03 2.9990452861e-01
6.3429500000e+03 2.9990342254e-01
6.3429750000e+03 2.9990227710e-01
6.3430000000e+03 2.9990109519e-01
6.3430250000e+03 2.9989987321e-01
6.3430500000e+03 2.9989860262e-01
6.3430750000e+03 2.9989727586e-01
6.3431000000e+03 2.9989589245e-01
6.3431250000e+03 2.9989445962e-01
6.3431500000e+03 2.9989298636e-01
6.3431750000e+03 2.9989147572e-01
6.3432000000e+03 2.9988992413e-01
6.3432250000e+03 2.9988831584e-01
6.3432500000e+03 2.9988660167e-01
6.3432750000e+03 2.9988466981e-01
6.3433000000e+03 2.9988236089e-01
6.3433250000e+03 2.9987957746e-01
6.3433500000e+03 2.9987639567e-01
6.3433750000e+03 2.9987302529e-01
6.3434000000e+03 2.9986965213e-01
6.3434250000e+03 2.9986634530e-01
6.3434500000e+03 2.9986308933e-01
6.3434750000e+03 2.9985984722e-01
6.3435000000e+03 2.9985659066e-01
6.3435250000e+03 2.9985330129e-01
6.3435500000e+03 2.9984996596e-01
6.3435750000e+03 2.9984657300e-01
6.3436000000e+03 2.9984311238e-01
6.3436250000e+03 2.9983957652e-01
6.3436500000e+03 2.9983595759e-01
6.3436750000e+03 2.9983224669e-01
6.3437000000e+03 2.9982843206e-01
6.3437250000e+03 2.9982449821e-01
6.3437500000e+03 2.9982042195e-01
6.3437750000e+03 2.9981616613e-01
6.3438000000e+03 2.9981168284e-01
6.3438250000e+03 2.9980693656e-01
6.3438500000e+03 2.9980192292e-01
6.3438750000e+03 2.9979665733e-01
6.3439000000e+03 2.9979114961e-01
6.3439250000e+03 2.9978539361e-01
6.3439500000e+03 2.9977937473e-01
6.3439750000e+03 2.9977307750e-01
6.3440000000e+03 2.9976648236e-01
6.3440250000e+03 2.9975956077e-01
6.3440500000e+03 2.9975227570e-01
6.3440750000e+03 2.9974458382e-01
6.3441000000e+03 2.9973643706e-01
6.3441250000e+03 2.9972778153e-01
6.3441500000e+03 2.9971855486e-01
6.3441750000e+03 2.9970868487e-01
6.3442000000e+03 2.9969808739e-01
6.3442250000e+03 2.9968666301e-01
6.3442500000e+03 2.9967429159e-01
6.3442750000e+03 2.9966082769e-01
6.3443000000e+03 2.9964609732e-01
6.3443250000e+03 2.9962988708e-01
6.3443500000e+03 2.9961192821e-01
6.3443750000e+03 2.9959187499e-01
6.3444000000e+03 2.9956927852e-01
6.3444250000e+03 2.9954349882e-01
6.3444500000e+03 2.9951353839e-01
6.3444750000e+03 2.9947778560e-01
6.3445000000e+03 2.9943341476e-01
6.3445250000e+03 2.9937636375e-01
6.3445500000e+03 2.9930266706e-01
6.3445750000e+03 2.9920979489e-01
6.3446000000e+03 2.9909678289e-01
6.3446250000e+03 2.9896392366e-01
6.3446500000e+03 2.9881326043e-01
6.3446750000e+03 2.9864836519e-01
6.3447000000e+03 2.9847340773e-01
6.3447250000e+03 2.9829182411e-01
6.3447500000e+03 2.9810501193e-01
6.3447750000e+03 2.9791220753e-01
6.3448000000e+03 2.9771070448e-01
6.3448250000e+03 2.9749585838e-01
6.3448500000e+03 2.9725947798e-01
6.3448750000e+03 2.9698734779e-01
6.3449000000e+03 2.9666148255e-01
6.3449250000e+03 2.9626723358e-01
6.3449500000e+03 2.9579752938e-01
6.3449750000e+03 2.9525239918e-01
6.3450000000e+03 2.9463682030e-01
6.3450250000e+03 2.9395913229e-01
6.3450500000e+03 2.9323088585e-01
6.3450750000e+03 2.9246749539e-01
6.3451000000e+03 2.9168869379e-01
6.3451250000e+03 2.9091763025e-01
6.3451500000e+03 2.9017619572e-01
6.3451750000e+03 2.8947639054e-01
6.3452000000e+03 2.8881793820e-01
6.3452250000e+03 2.8819566479e-01
6.3452500000e+03 2.8760524655e-01
6.3452750000e+03 2.8704375509e-01
6.3453000000e+03 2.8650916822e-01
6.3453250000e+03 2.8600000595e-01
6.3453500000e+03 2.8551515920e-01
6.3453750000e+03 2.8505379161e-01
6.3454000000e+03 2.8461522296e-01
6.3454250000e+03 2.8419876637e-01
6.3454500000e+03 2.8380363612e-01
6.3454750000e+03 2.8342907117e-01
6.3455000000e+03 2.8307453801e-01
6.3455250000e+03 2.8273975048e-01
6.3455500000e+03 2.8242452973e-01
6.3455750000e+03 2.8212869598e-01
6.3456000000e+03 2.8185205319e-01
6.3456250000e+03 2.8159440891e-01
6.3456500000e+03 2.8135558730e-01
6.3456750000e+03 2.8113543339e-01
6.3457000000e+03 2.8093381132e-01
6.3457250000e+03 2.8075060051e-01
6.3457500000e+03 2.8058569464e-01
6.3457750000e+03 2.8043900164e-01
6.3458000000e+03 2.8031044028e-01
6.3458250000e+03 2.8019994137e-01
6.3458500000e+03 2.8010744979e-01
6.3458750000e+03 2.8003291380e-01
6.3459000000e+03 2.7997625480e-01
6.3459250000e+03 2.7993732895e-01
6.3459500000e+03 2.7991594079e-01
6.3459750000e+03 2.7991194561e-01
6.3460000000e+03 2.7992536644e-01
6.3460250000e+03 2.7995638880e-01
6.3460500000e+03 2.8000522369e-01
6.3460750000e+03 2.8007199714e-01
6.3461000000e+03 2.8015675549e-01
6.3461250000e+03 2.8025952293e-01
6.3461500000e+03 2.8038033367e-01
6.3461750000e+03 2.8051923634e-01
6.3462000000e+03 2.8067629259e-01
6.3462250000e+03 2.8085157590e-01
6.3462500000e+03 2.8104517200e-01
6.3462750000e+03 2.8125717853e-01
6.3463000000e+03 2.8148770793e-01
6.3463250000e+03 2.8173689249e-01
6.3463500000e+03 2.8200488943e-01
6.3463750000e+03 2.8229188329e-01
6.3464000000e+03 2.8259808810e-01
6.3464250000e+03 2.8292375434e-01
6.3464500000e+03 2.8326917203e-01
6.3464750000e+03 2.8363467042e-01
6.3465000000e+03 2.8402062347e-01
6.3465250000e+03 2.8442748078e-01
6.3465500000e+03 2.8485575300e-01
6.3465750000e+03 2.8530590211e-01
6.3466000000e+03 2.8577805624e-01
6.3466250000e+03 2.8627105749e-01
6.3466500000e+03 2.8678177190e-01
6.3466750000e+03 2.8730607596e-01
6.3467000000e+03 2.8784039582e-01
6.3467250000e+03 2.8838186596e-01
6.3467500000e+03 2.8892772165e-01
6.3467750000e+03 2.8947612217e-01
6.3468000000e+03 2.9002715688e-01
6.3468250000e+03 2.9058321439e-01
6.3468500000e+03 2.9114836040e-01
6.3468750000e+03 2.9172686831e-01
6.3469000000e+03 2.9232243510e-01
6.3469250000e+03 2.9293802023e-01
6.3469500000e+03 2.9357617444e-01
6.3469750000e+03 2.9423760929e-01
6.3470000000e+03 2.9491633992e-01
6.3470250000e+03 2.9559711522e-01
6.3470500000e+03 2.9625963162e-01
6.3470750000e+03 2.9688421350e-01
6.3471000000e+03 2.9745467879e-01
6.3471250000e+03 2.9795863594e-01
6.3471500000e+03 2.9838678493e-01
6.3471750000e+03 2.9873286030e-01
6.3472000000e+03 2.9899473651e-01
6.3472250000e+03 2.9917657376e-01
6.3472500000e+03 2.9929150175e-01
6.3472750000e+03 2.9936113266e-01
6.3473000000e+03 2.9940686979e-01
6.3473250000e+03 2.9944131412e-01
6.3473500000e+03 2.9946950044e-01
6.3473750000e+03 2.9949345878e-01
6.3474000000e+03 2.9951413326e-01
6.3474250000e+03 2.9953191358e-01
6.3474500000e+03 2.9954674665e-01
6.3474750000e+03 2.9955842271e-01
6.3475000000e+03 2.9956711757e-01
6.3475250000e+03 2.9957369511e-01
6.3475500000e+03 2.9957933351e-01
6.3475750000e+03 2.9958485438e-01
6.3476000000e+03 2.9959047587e-01
6.3476250000e+03 2.9959607317e-01
6.3476500000e+03 2.9960149756e-01
6.3476750000e+03 2.9960668789e-01
6.3477000000e+03 2.9961164616e-01
6.3477250000e+03 2.9961639738e-01
6.3477500000e+03 2.9962097183e-01
6.3477750000e+03 2.9962539789e-01
6.3478000000e+03 2.9962970180e-01
6.3478250000e+03 2.9963390711e-01
6.3478500000e+03 2.9963803090e-01
6.3478750000e+03 2.9964208253e-01
6.3479000000e+03 2.9964606543e-01
6.3479250000e+03 2.9964998640e-01
6.3479500000e+03 2.9965386971e-01
6.3479750000e+03 2.9965776277e-01
6.3480000000e+03 2.9966172801e-01
6.3480250000e+03 2.9966582137e-01
6.3480500000e+03 2.9967004938e-01
6.3480750000e+03 2.9967432159e-01
6.3481000000e+03 2.9967846555e-01
6.3481250000e+03 2.9968233774e-01
6.3481500000e+03 2.9968593401e-01
6.3481750000e+03 2.9968937074e-01
6.3482000000e+03 2.9969277804e-01
6.3482250000e+03 2.9969623521e-01
6.3482500000e+03 2.9969977720e-01
6.3482750000e+03 2.9970342000e-01
6.3483000000e+03 2.9970717477e-01
6.3483250000e+03 2.9971105387e-01
6.3483500000e+03 2.9971506892e-01
6.3483750000e+03 2.9971922055e-01
6.3484000000e+03 2.9972346587e-01
6.3484250000e+03 2.9972765208e-01
6.3484500000e+03 2.9973146745e-01
6.3484750000e+03 2.9973454765e-01
6.3485000000e+03 2.9973677217e-01
6.3485250000e+03 2.9973844120e-01
6.3485500000e+03 2.9974004234e-01
6.3485750000e+03 2.9974185434e-01
6.3486000000e+03 2.9974383762e-01
6.3486250000e+03 2.9974587995e-01
6.3486500000e+03 2.9974806560e-01
6.3486750000e+03 2.9975069364e-01
6.3487000000e+03 2.9975408258e-01
6.3487250000e+03 2.9975828940e-01
6.3487500000e+03 2.9976285241e-01
6.3487750000e+03 2.9976682583e-01
6.3488000000e+03 2.9976933407e-01
6.3488250000e+03 2.9977020332e-01
6.3488500000e+03 2.9976993094e-01
6.3488750000e+03 2.9976910235e-01
6.3489000000e+03 2.9976801582e-01
6.3489250000e+03 2.9976678399e-01
6.3489500000e+03 2.9976553736e-01
6.3489750000e+03 2.9976443023e-01
6.3490000000e+03 2.9976355021e-01
6.3490250000e+03 2.9976289889e-01
6.3490500000e+03 2.9976244406e-01
6.3490750000e+03 2.9976216690e-01
6.3491000000e+03 2.9976207822e-01
6.3491250000e+03 2.9976221554e-01
6.3491500000e+03 2.9976262294e-01
6.3491750000e+03 2.9976332135e-01
6.3492000000e+03 2.9976429597e-01
6.3492250000e+03 2.9976551518e-01
6.3492500000e+03 2.9976695547e-01
6.3492750000e+03 2.9976860741e-01
6.3493000000e+03 2.9977046653e-01
6.3493250000e+03 2.9977251947e-01
6.3493500000e+03 2.9977473226e-01
6.3493750000e+03 2.9977706087e-01
6.3494000000e+03 2.9977949267e-01
6.3494250000e+03 2.9978208168e-01
6.3494500000e+03 2.9978493395e-01
6.3494750000e+03 2.9978816288e-01
6.3495000000e+03 2.9979187521e-01
6.3495250000e+03 2.9979617481e-01
6.3495500000e+03 2.9980106511e-01
6.3495750000e+03 2.9980622114e-01
6.3496000000e+03 2.9981091487e-01
6.3496250000e+03 2.9981439734e-01
6.3496500000e+03 2.9981644285e-01
6.3496750000e+03 2.9981741471e-01
6.3497000000e+03 2.9981783911e-01
6.3497250000e+03 2.9981805684e-01
6.3497500000e+03 2.9981820989e-01
6.3497750000e+03 2.9981836136e-01
6.3498000000e+03 2.9981856138e-01
6.3498250000e+03 2.9981885493e-01
6.3498500000e+03 2.9981927189e-01
6.3498750000e+03 2.9981982579e-01
6.3499000000e+03 2.9982051720e-01
6.3499250000e+03 2.9982134111e-01
6.3499500000e+03 2.9982229374e-01
6.3499750000e+03 2.9982337379e-01
6.3500000000e+03 2.9982457829e-01
6.3500250000e+03 2.9982589359e-01
6.3500500000e+03 2.9982729479e-01
6.3500750000e+03 2.9982876065e-01
6.3501000000e+03 2.9983028771e-01
6.3501250000e+03 2.9983189082e-01
6.3501500000e+03 2.9983359100e-01
6.3501750000e+03 2.9983540314e-01
6.3502000000e+03 2.9983733311e-01
6.3502250000e+03 2.9983938182e-01
6.3502500000e+03 2.9984154931e-01
6.3502750000e+03 2.9984383698e-01
6.3503000000e+03 2.9984624982e-01
6.3503250000e+03 2.9984879261e-01
6.3503500000e+03 2.9985146816e-01
6.3503750000e+03 2.9985428237e-01
6.3504000000e+03 2.9985724923e-01
6.3504250000e+03 2.9986038992e-01
6.3504500000e+03 2.9986373207e-01
6.3504750000e+03 2.9986731595e-01
6.3505000000e+03 2.9987120494e-01
6.3505250000e+03 2.9987548015e-01
6.3505500000e+03 2.9988017358e-01
6.3505750000e+03 2.9988512319e-01
6.3506000000e+03 2.9988989897e-01
6.3506250000e+03 2.9989402323e-01
6.3506500000e+03 2.9989734298e-01
6.3506750000e+03 2.9990010379e-01
6.3507000000e+03 2.9990263374e-01
6.3507250000e+03 2.9990502379e-01
6.3507500000e+03 2.9990713679e-01
6.3507750000e+03 2.9990884969e-01
6.3508000000e+03 2.9991021269e-01
6.3508250000e+03 2.9991139264e-01
6.3508500000e+03 2.9991253690e-01
6.3508750000e+03 2.9991372241e-01
6.3509000000e+03 2.9991498352e-01
6.3509250000e+03 2.9991634578e-01
6.3509500000e+03 2.9991783509e-01
6.3509750000e+03 2.9991945162e-01
6.3510000000e+03 2.9992111600e-01
6.3510250000e+03 2.9992265749e-01
6.3510500000e+03 2.9992391095e-01
6.3510750000e+03 2.9992484327e-01
6.3511000000e+03 2.9992555282e-01
6.3511250000e+03 2.9992616108e-01
6.3511500000e+03 2.9992673449e-01
6.3511750000e+03 2.9992728645e-01
6.3512000000e+03 2.9992781316e-01
6.3512250000e+03 2.9992831756e-01
6.3512500000e+03 2.9992881207e-01
6.3512750000e+03 2.9992931268e-01
6.3513000000e+03 2.9992983423e-01
6.3513250000e+03 2.9993038724e-01
6.3513500000e+03 2.9993097796e-01
6.3513750000e+03 2.9993161075e-01
6.3514000000e+03 2.9993229213e-01
6.3514250000e+03 2.9993303159e-01
6.3514500000e+03 2.9993383538e-01
6.3514750000e+03 2.9993468561e-01
6.3515000000e+03 2.9993552417e-01
6.3515250000e+03 2.9993627610e-01
6.3515500000e+03 2.9993690205e-01
6.3515750000e+03 2.9993742459e-01
6.3516000000e+03 2.9993789809e-01
6.3516250000e+03 2.9993836557e-01
6.3516500000e+03 2.9993884706e-01
6.3516750000e+03 2.9993934937e-01
6.3517000000e+03 2.9993987395e-01
6.3517250000e+03 2.9994042299e-01
6.3517500000e+03 2.9994100163e-01
6.3517750000e+03 2.9994161346e-01
6.3518000000e+03 2.9994225023e-01
6.3518250000e+03 2.9994288401e-01
6.3518500000e+03 2.9994347137e-01
6.3518750000e+03 2.9994397056e-01
6.3519000000e+03 2.9994435992e-01
6.3519250000e+03 2.9994464518e-01
6.3519500000e+03 2.9994485250e-01
6.3519750000e+03 2.9994501324e-01
6.3520000000e+03 2.9994515244e-01
6.3520250000e+03 2.9994528457e-01
6.3520500000e+03 2.9994541332e-01
6.3520750000e+03 2.9994553396e-01
6.3521000000e+03 2.9994563582e-01
6.3521250000e+03 2.9994570646e-01
6.3521500000e+03 2.9994573874e-01
6.3521750000e+03 2.9994573834e-01
6.3522000000e+03 2.9994572358e-01
6.3522250000e+03 2.9994571340e-01
6.3522500000e+03 2.9994571774e-01
6.3522750000e+03 2.9994573746e-01
6.3523000000e+03 2.9994577003e-01
6.3523250000e+03 2.9994581282e-01
6.3523500000e+03 2.9994586207e-01
6.3523750000e+03 2.9994591393e-01
6.3524000000e+03 2.9994596411e-01
6.3524250000e+03 2.9994600628e-01
6.3524500000e+03 2.9994602205e-01
6.3524750000e+03 2.9994597387e-01
6.3525000000e+03 2.9994582306e-01
6.3525250000e+03 2.9994556548e-01
6.3525500000e+03 2.9994524446e-01
6.3525750000e+03 2.9994491828e-01
6.3526000000e+03 2.9994462139e-01
6.3526250000e+03 2.9994436033e-01
6.3526500000e+03 2.9994412931e-01
6.3526750000e+03 2.9994392147e-01
6.3527000000e+03 2.9994373286e-01
6.3527250000e+03 2.9994356116e-01
6.3527500000e+03 2.9994340494e-01
6.3527750000e+03 2.9994326326e-01
6.3528000000e+03 2.9994313535e-01
6.3528250000e+03 2.9994302068e-01
6.3528500000e+03 2.9994291844e-01
6.3528750000e+03 2.9994282835e-01
6.3529000000e+03 2.9994275038e-01
6.3529250000e+03 2.9994268390e-01
6.3529500000e+03 2.9994262855e-01
6.3529750000e+03 2.9994258452e-01
6.3530000000e+03 2.9994255204e-01
6.3530250000e+03 2.9994253129e-01
6.3530500000e+03 2.9994252196e-01
6.3530750000e+03 2.9994252385e-01
6.3531000000e+03 2.9994253735e-01
6.3531250000e+03 2.9994256275e-01
6.3531500000e+03 2.9994260041e-01
6.3531750000e+03 2.9994265038e-01
6.3532000000e+03 2.9994271331e-01
6.3532250000e+03 2.9994279077e-01
6.3532500000e+03 2.9994288455e-01
6.3532750000e+03 2.9994299452e-01
6.3533000000e+03 2.9994311659e-01
6.3533250000e+03 2.9994324140e-01
6.3533500000e+03 2.9994335638e-01
6.3533750000e+03 2.9994345267e-01
6.3534000000e+03 2.9994352891e-01
6.3534250000e+03 2.9994359064e-01
6.3534500000e+03 2.9994364645e-01
6.3534750000e+03 2.9994370325e-01
6.3535000000e+03 2.9994376537e-01
6.3535250000e+03 2.9994383516e-01
6.3535500000e+03 2.9994391267e-01
6.3535750000e+03 2.9994399850e-01
6.3536000000e+03 2.9994409343e-01
6.3536250000e+03 2.9994419687e-01
6.3536500000e+03 2.9994430895e-01
6.3536750000e+03 2.9994442967e-01
6.3537000000e+03 2.9994455787e-01
6.3537250000e+03 2.9994469048e-01
6.3537500000e+03 2.9994481640e-01
6.3537750000e+03 2.9994491263e-01
6.3538000000e+03 2.9994495385e-01
6.3538250000e+03 2.9994492541e-01
6.3538500000e+03 2.9994481921e-01
6.3538750000e+03 2.9994461131e-01
6.3539000000e+03 2.9994426407e-01
6.3539250000e+03 2.9994377510e-01
6.3539500000e+03 2.9994320740e-01
6.3539750000e+03 2.9994264936e-01
6.3540000000e+03 2.9994215455e-01
6.3540250000e+03 2.9994173118e-01
6.3540500000e+03 2.9994136807e-01
6.3540750000e+03 2.9994105304e-01
6.3541000000e+03 2.9994077866e-01
6.3541250000e+03 2.9994053919e-01
6.3541500000e+03 2.9994032958e-01
6.3541750000e+03 2.9994014553e-01
6.3542000000e+03 2.9993998323e-01
6.3542250000e+03 2.9993983663e-01
6.3542500000e+03 2.9993968939e-01
6.3542750000e+03 2.9993950987e-01
6.3543000000e+03 2.9993925708e-01
6.3543250000e+03 2.9993889146e-01
6.3543500000e+03 2.9993837695e-01
6.3543750000e+03 2.9993768077e-01
6.3544000000e+03 2.9993678044e-01
6.3544250000e+03 2.9993567601e-01
6.3544500000e+03 2.9993439835e-01
6.3544750000e+03 2.9993300620e-01
6.3545000000e+03 2.9993157287e-01
6.3545250000e+03 2.9993016976e-01
6.3545500000e+03 2.9992885225e-01
6.3545750000e+03 2.9992764706e-01
6.3546000000e+03 2.9992654093e-01
6.3546250000e+03 2.9992548469e-01
6.3546500000e+03 2.9992442546e-01
6.3546750000e+03 2.9992334625e-01
6.3547000000e+03 2.9992226928e-01
6.3547250000e+03 2.9992122541e-01
6.3547500000e+03 2.9992023192e-01
6.3547750000e+03 2.9991929256e-01
6.3548000000e+03 2.9991840618e-01
6.3548250000e+03 2.9991757258e-01
6.3548500000e+03 2.9991679346e-01
6.3548750000e+03 2.9991606648e-01
6.3549000000e+03 2.9991537687e-01
6.3549250000e+03 2.9991474743e-01
6.3549500000e+03 2.9991457356e-01
6.3549750000e+03 2.9991661490e-01
6.3550000000e+03 2.9992516629e-01
6.3550250000e+03 2.9994614115e-01
6.3550500000e+03 2.9998277684e-01
6.3550750000e+03 3.0003177596e-01
6.3551000000e+03 3.0008515475e-01
6.3551250000e+03 3.0013608011e-01
6.3551500000e+03 3.0018207541e-01
6.3551750000e+03 3.0022364480e-01
6.3552000000e+03 3.0026190429e-01
6.3552250000e+03 3.0029765066e-01
6.3552500000e+03 3.0033134921e-01
6.3552750000e+03 3.0036328403e-01
6.3553000000e+03 3.0039364302e-01
6.3553250000e+03 3.0042255995e-01
6.3553500000e+03 3.0045013425e-01
6.3553750000e+03 3.0047643799e-01
6.3554000000e+03 3.0050151962e-01
6.3554250000e+03 3.0052541477e-01
6.3554500000e+03 3.0054816004e-01
6.3554750000e+03 3.0056979902e-01
6.3555000000e+03 3.0059038412e-01
6.3555250000e+03 3.0060997365e-01
6.3555500000e+03 3.0062862466e-01
6.3555750000e+03 3.0064638687e-01
6.3556000000e+03 3.0066329783e-01
6.3556250000e+03 3.0067938385e-01
6.3556500000e+03 3.0069466242e-01
6.3556750000e+03 3.0070914487e-01
6.3557000000e+03 3.0072284030e-01
6.3557250000e+03 3.0073575695e-01
6.3557500000e+03 3.0074790163e-01
6.3557750000e+03 3.0075927913e-01
6.3558000000e+03 3.0076989176e-01
6.3558250000e+03 3.0077973827e-01
6.3558500000e+03 3.0078881970e-01
6.3558750000e+03 3.0079714420e-01
6.3559000000e+03 3.0080471991e-01
6.3559250000e+03 3.0081154592e-01
6.3559500000e+03 3.0081761606e-01
6.3559750000e+03 3.0082292677e-01
6.3560000000e+03 3.0082745845e-01
6.3560250000e+03 3.0083115023e-01
6.3560500000e+03 3.0083393317e-01
6.3560750000e+03 3.0083579658e-01
6.3561000000e+03 3.0083679697e-01
6.3561250000e+03 3.0083700511e-01
6.3561500000e+03 3.0083646432e-01
6.3561750000e+03 3.0083519082e-01
6.3562000000e+03 3.0083318817e-01
6.3562250000e+03 3.0083045720e-01
6.3562500000e+03 3.0082699818e-01
6.3562750000e+03 3.0082281028e-01
6.3563000000e+03 3.0081789202e-01
6.3563250000e+03 3.0081224193e-01
6.3563500000e+03 3.0080586051e-01
6.3563750000e+03 3.0079875023e-01
6.3564000000e+03 3.0079091180e-01
6.3564250000e+03 3.0078233760e-01
6.3564500000e+03 3.0077300518e-01
6.3564750000e+03 3.0076287123e-01
6.3565000000e+03 3.0075187188e-01
6.3565250000e+03 3.0073993079e-01
6.3565500000e+03 3.0072697229e-01
6.3565750000e+03 3.0071293873e-01
6.3566000000e+03 3.0069780325e-01
6.3566250000e+03 3.0068157026e-01
6.3566500000e+03 3.0066426566e-01
6.3566750000e+03 3.0064592095e-01
6.3567000000e+03 3.0062656004e-01
6.3567250000e+03 3.0060619373e-01
6.3567500000e+03 3.0058481793e-01
6.3567750000e+03 3.0056241387e-01
6.3568000000e+03 3.0053895222e-01
6.3568250000e+03 3.0051439435e-01
6.3568500000e+03 3.0048869093e-01
6.3568750000e+03 3.0046178027e-01
6.3569000000e+03 3.0043358344e-01
6.3569250000e+03 3.0040399948e-01
6.3569500000e+03 3.0037290024e-01
6.3569750000e+03 3.0034011711e-01
6.3570000000e+03 3.0030540994e-01
6.3570250000e+03 3.0026838199e-01
6.3570500000e+03 3.0022830223e-01
6.3570750000e+03 3.0018396979e-01
6.3571000000e+03 3.0013436057e-01
6.3571250000e+03 3.0008081367e-01
6.3571500000e+03 3.0002909522e-01
6.3571750000e+03 2.9998752677e-01
6.3572000000e+03 2.9996123083e-01
6.3572250000e+03 2.9994867781e-01
6.3572500000e+03 2.9994432847e-01
6.3572750000e+03 2.9994334931e-01
6.3573000000e+03 2.9994338644e-01
6.3573250000e+03 2.9994369556e-01
6.3573500000e+03 2.9994410918e-01
6.3573750000e+03 2.9994459243e-01
6.3574000000e+03 2.9994513412e-01
6.3574250000e+03 2.9994572492e-01
6.3574500000e+03 2.9994635577e-01
6.3574750000e+03 2.9994701875e-01
6.3575000000e+03 2.9994770179e-01
6.3575250000e+03 2.9994838196e-01
6.3575500000e+03 2.9994902786e-01
6.3575750000e+03 2.9994960960e-01
6.3576000000e+03 2.9995010532e-01
6.3576250000e+03 2.9995050467e-01
6.3576500000e+03 2.9995080963e-01
6.3576750000e+03 2.9995103284e-01
6.3577000000e+03 2.9995119504e-01
6.3577250000e+03 2.9995131849e-01
6.3577500000e+03 2.9995142132e-01
6.3577750000e+03 2.9995151689e-01
6.3578000000e+03 2.9995161380e-01
6.3578250000e+03 2.9995171675e-01
6.3578500000e+03 2.9995182872e-01
6.3578750000e+03 2.9995195177e-01
6.3579000000e+03 2.9995208715e-01
6.3579250000e+03 2.9995223486e-01
6.3579500000e+03 2.9995238804e-01
6.3579750000e+03 2.9995253132e-01
6.3580000000e+03 2.9995264872e-01
6.3580250000e+03 2.9995273443e-01
6.3580500000e+03 2.9995279739e-01
6.3580750000e+03 2.9995285265e-01
6.3581000000e+03 2.9995291036e-01
6.3581250000e+03 2.9995297165e-01
6.3581500000e+03 2.9995302969e-01
6.3581750000e+03 2.9995307379e-01
6.3582000000e+03 2.9995309880e-01
6.3582250000e+03 2.9995310822e-01
6.3582500000e+03 2.9995310858e-01
6.3582750000e+03 2.9995310576e-01
6.3583000000e+03 2.9995310283e-01
6.3583250000e+03 2.9995310095e-01
6.3583500000e+03 2.9995310063e-01
6.3583750000e+03 2.9995310204e-01
6.3584000000e+03 2.9995310532e-01
6.3584250000e+03 2.9995311063e-01
6.3584500000e+03 2.9995311788e-01
6.3584750000e+03 2.9995312704e-01
6.3585000000e+03 2.9995313754e-01
6.3585250000e+03 2.9995314732e-01
6.3585500000e+03 2.9995315198e-01
6.3585750000e+03 2.9995314562e-01
6.3586000000e+03 2.9995312450e-01
6.3586250000e+03 2.9995309201e-01
6.3586500000e+03 2.9995305713e-01
6.3586750000e+03 2.9995302643e-01
6.3587000000e+03 2.9995300261e-01
6.3587250000e+03 2.9995298576e-01
6.3587500000e+03 2.9995297424e-01
6.3587750000e+03 2.9995296750e-01
6.3588000000e+03 2.9995296525e-01
6.3588250000e+03 2.9995296620e-01
6.3588500000e+03 2.9995296998e-01
6.3588750000e+03 2.9995297767e-01
6.3589000000e+03 2.9995298903e-01
6.3589250000e+03 2.9995300309e-01
6.3589500000e+03 2.9995301946e-01
6.3589750000e+03 2.9995303846e-01
6.3590000000e+03 2.9995305981e-01
6.3590250000e+03 2.9995308135e-01
6.3590500000e+03 2.9995309790e-01
6.3590750000e+03 2.9995309955e-01
6.3591000000e+03 2.9995307020e-01
6.3591250000e+03 2.9995299168e-01
6.3591500000e+03 2.9995285352e-01
6.3591750000e+03 2.9995264251e-01
6.3592000000e+03 2.9995228615e-01
6.3592250000e+03 2.9995157533e-01
6.3592500000e+03 2.9995019238e-01
6.3592750000e+03 2.9994794398e-01
6.3593000000e+03 2.9994499863e-01
6.3593250000e+03 2.9994179946e-01
6.3593500000e+03 2.9993873280e-01
6.3593750000e+03 2.9993594235e-01
6.3594000000e+03 2.9993340439e-01
6.3594250000e+03 2.9993106086e-01
6.3594500000e+03 2.9992887087e-01
6.3594750000e+03 2.9992680854e-01
6.3595000000e+03 2.9992485782e-01
6.3595250000e+03 2.9992300824e-01
6.3595500000e+03 2.9992125183e-01
6.3595750000e+03 2.9991958256e-01
6.3596000000e+03 2.9991799597e-01
6.3596250000e+03 2.9991648680e-01
6.3596500000e+03 2.9991504667e-01
6.3596750000e+03 2.9991366592e-01
6.3597000000e+03 2.9991233821e-01
6.3597250000e+03 2.9991106241e-01
6.3597500000e+03 2.9990984150e-01
6.3597750000e+03 2.9990867870e-01
6.3598000000e+03 2.9990757478e-01
6.3598250000e+03 2.9990652913e-01
6.3598500000e+03 2.9990554126e-01
6.3598750000e+03 2.9990461009e-01
6.3599000000e+03 2.9990373456e-01
6.3599250000e+03 2.9990291489e-01
6.3599500000e+03 2.9990215079e-01
6.3599750000e+03 2.9990144125e-01
6.3600000000e+03 2.9990078511e-01
6.3600250000e+03 2.9990018081e-01
6.3600500000e+03 2.9989962700e-01
6.3600750000e+03 2.9989912394e-01
6.3601000000e+03 2.9989867239e-01
6.3601250000e+03 2.9989827312e-01
6.3601500000e+03 2.9989792728e-01
6.3601750000e+03 2.9989763577e-01
6.3602000000e+03 2.9989740248e-01
6.3602250000e+03 2.9989723940e-01
6.3602500000e+03 2.9989720351e-01
6.3602750000e+03 2.9989752241e-01
6.3603000000e+03 2.9989881868e-01
6.3603250000e+03 2.9990216281e-01
6.3603500000e+03 2.9990849001e-01
6.3603750000e+03 2.9991765273e-01
6.3604000000e+03 2.9992827769e-01
6.3604250000e+03 2.9993878499e-01
6.3604500000e+03 2.9994835813e-01
6.3604750000e+03 2.9995695915e-01
6.3605000000e+03 2.9996483988e-01
6.3605250000e+03 2.9997222283e-01
6.3605500000e+03 2.9997924117e-01
6.3605750000e+03 2.9998596806e-01
6.3606000000e+03 2.9999245568e-01
6.3606250000e+03 2.9999877745e-01
6.3606500000e+03 3.0000511279e-01
6.3606750000e+03 3.0001186335e-01
6.3607000000e+03 3.0001960935e-01
6.3607250000e+03 3.0002872506e-01
6.3607500000e+03 3.0003895533e-01
6.3607750000e+03 3.0004953653e-01
6.3608000000e+03 3.0005976775e-01
6.3608250000e+03 3.0006936965e-01
6.3608500000e+03 3.0007838171e-01
6.3608750000e+03 3.0008692176e-01
6.3609000000e+03 3.0009507908e-01
6.3609250000e+03 3.0010290923e-01
6.3609500000e+03 3.0011044655e-01
6.3609750000e+03 3.0011771521e-01
6.3610000000e+03 3.0012473434e-01
6.3610250000e+03 3.0013151554e-01
6.3610500000e+03 3.0013805960e-01
6.3610750000e+03 3.0014435620e-01
6.3611000000e+03 3.0015039599e-01
6.3611250000e+03 3.0015619197e-01
6.3611500000e+03 3.0016178427e-01
6.3611750000e+03 3.0016722142e-01
6.3612000000e+03 3.0017253627e-01
6.3612250000e+03 3.0017773963e-01
6.3612500000e+03 3.0018283034e-01
6.3612750000e+03 3.0018781913e-01
6.3613000000e+03 3.0019275084e-01
6.3613250000e+03 3.0019768354e-01
6.3613500000e+03 3.0020257473e-01
6.3613750000e+03 3.0020714121e-01
6.3614000000e+03 3.0021092256e-01
6.3614250000e+03 3.0021360123e-01
6.3614500000e+03 3.0021523446e-01
6.3614750000e+03 3.0021613357e-01
6.3615000000e+03 3.0021659026e-01
6.3615250000e+03 3.0021675415e-01
6.3615500000e+03 3.0021667355e-01
6.3615750000e+03 3.0021635955e-01
6.3616000000e+03 3.0021581334e-01
6.3616250000e+03 3.0021503448e-01
6.3616500000e+03 3.0021402295e-01
6.3616750000e+03 3.0021277877e-01
6.3617000000e+03 3.0021130159e-01
6.3617250000e+03 3.0020958982e-01
6.3617500000e+03 3.0020764222e-01
6.3617750000e+03 3.0020545764e-01
6.3618000000e+03 3.0020303474e-01
6.3618250000e+03 3.0020037195e-01
6.3618500000e+03 3.0019746689e-01
6.3618750000e+03 3.0019431608e-01
6.3619000000e+03 3.0019091048e-01
6.3619250000e+03 3.0018721587e-01
6.3619500000e+03 3.0018312096e-01
6.3619750000e+03 3.0017837984e-01
6.3620000000e+03 3.0017266933e-01
6.3620250000e+03 3.0016582918e-01
6.3620500000e+03 3.0015806342e-01
6.3620750000e+03 3.0014981347e-01
6.3621000000e+03 3.0014143239e-01
6.3621250000e+03 3.0013303336e-01
6.3621500000e+03 3.0012457628e-01
6.3621750000e+03 3.0011598981e-01
6.3622000000e+03 3.0010721727e-01
6.3622250000e+03 3.0009821463e-01
6.3622500000e+03 3.0008894122e-01
6.3622750000e+03 3.0007935476e-01
6.3623000000e+03 3.0006940355e-01
6.3623250000e+03 3.0005901646e-01
6.3623500000e+03 3.0004808137e-01
6.3623750000e+03 3.0003641618e-01
6.3624000000e+03 3.0002379988e-01
6.3624250000e+03 3.0001023532e-01
6.3624500000e+03 2.9999643148e-01
6.3624750000e+03 2.9998388721e-01
6.3625000000e+03 2.9997402373e-01
6.3625250000e+03 2.9996710304e-01
6.3625500000e+03 2.9996222069e-01
6.3625750000e+03 2.9995822756e-01
6.3626000000e+03 2.9995440770e-01
6.3626250000e+03 2.9995049304e-01
6.3626500000e+03 2.9994642319e-01
6.3626750000e+03 2.9994218535e-01
6.3627000000e+03 2.9993775342e-01
6.3627250000e+03 2.9993306755e-01
6.3627500000e+03 2.9992802341e-01
6.3627750000e+03 2.9992250969e-01
6.3628000000e+03 2.9991658343e-01
6.3628250000e+03 2.9991070325e-01
6.3628500000e+03 2.9990565680e-01
6.3628750000e+03 2.9990203742e-01
6.3629000000e+03 2.9989981748e-01
6.3629250000e+03 2.9989851321e-01
6.3629500000e+03 2.9989764560e-01
6.3629750000e+03 2.9989696724e-01
6.3630000000e+03 2.9989639982e-01
6.3630250000e+03 2.9989592428e-01
6.3630500000e+03 2.9989553411e-01
6.3630750000e+03 2.9989521922e-01
6.3631000000e+03 2.9989494330e-01
6.3631250000e+03 2.9989457123e-01
6.3631500000e+03 2.9989374017e-01
6.3631750000e+03 2.9989184213e-01
6.3632000000e+03 2.9988836485e-01
6.3632250000e+03 2.9988340086e-01
6.3632500000e+03 2.9987768978e-01
6.3632750000e+03 2.9987206645e-01
6.3633000000e+03 2.9986696477e-01
6.3633250000e+03 2.9986242217e-01
6.3633500000e+03 2.9985833277e-01
6.3633750000e+03 2.9985460077e-01
6.3634000000e+03 2.9985116666e-01
6.3634250000e+03 2.9984799394e-01
6.3634500000e+03 2.9984505844e-01
6.3634750000e+03 2.9984234331e-01
6.3635000000e+03 2.9983983521e-01
6.3635250000e+03 2.9983752327e-01
6.3635500000e+03 2.9983539932e-01
6.3635750000e+03 2.9983345630e-01
6.3636000000e+03 2.9983168357e-01
6.3636250000e+03 2.9983006128e-01
6.3636500000e+03 2.9982856376e-01
6.3636750000e+03 2.9982717689e-01
6.3637000000e+03 2.9982591386e-01
6.3637250000e+03 2.9982480574e-01
6.3637500000e+03 2.9982387772e-01
6.3637750000e+03 2.9982313779e-01
6.3638000000e+03 2.9982258231e-01
6.3638250000e+03 2.9982220603e-01
6.3638500000e+03 2.9982200664e-01
6.3638750000e+03 2.9982198696e-01
6.3639000000e+03 2.9982215372e-01
6.3639250000e+03 2.9982251553e-01
6.3639500000e+03 2.9982308289e-01
6.3639750000e+03 2.9982386942e-01
6.3640000000e+03 2.9982489604e-01
6.3640250000e+03 2.9982620064e-01
6.3640500000e+03 2.9982784190e-01
6.3640750000e+03 2.9982986737e-01
6.3641000000e+03 2.9983220369e-01
6.3641250000e+03 2.9983454000e-01
6.3641500000e+03 2.9983641949e-01
6.3641750000e+03 2.9983755352e-01
6.3642000000e+03 2.9983801934e-01
6.3642250000e+03 2.9983811916e-01
6.3642500000e+03 2.9983812152e-01
6.3642750000e+03 2.9983816141e-01
6.3643000000e+03 2.9983828374e-01
6.3643250000e+03 2.9983850059e-01
6.3643500000e+03 2.9983881562e-01
6.3643750000e+03 2.9983922993e-01
6.3644000000e+03 2.9983974411e-01
6.3644250000e+03 2.9984035887e-01
6.3644500000e+03 2.9984107475e-01
6.3644750000e+03 2.9984189211e-01
6.3645000000e+03 2.9984281163e-01
6.3645250000e+03 2.9984383374e-01
6.3645500000e+03 2.9984495860e-01
6.3645750000e+03 2.9984618629e-01
6.3646000000e+03 2.9984751627e-01
6.3646250000e+03 2.9984894898e-01
6.3646500000e+03 2.9985048528e-01
6.3646750000e+03 2.9985212660e-01
6.3647000000e+03 2.9985387564e-01
6.3647250000e+03 2.9985573573e-01
6.3647500000e+03 2.9985771076e-01
6.3647750000e+03 2.9985980533e-01
6.3648000000e+03 2.9986202453e-01
6.3648250000e+03 2.9986437358e-01
6.3648500000e+03 2.9986685844e-01
6.3648750000e+03 2.9986948424e-01
6.3649000000e+03 2.9987225326e-01
6.3649250000e+03 2.9987516319e-01
6.3649500000e+03 2.9987820098e-01
6.3649750000e+03 2.9988133868e-01
6.3650000000e+03 2.9988454006e-01
6.3650250000e+03 2.9988777477e-01
6.3650500000e+03 2.9989102915e-01
6.3650750000e+03 2.9989430783e-01
6.3651000000e+03 2.9989763145e-01
6.3651250000e+03 2.9990103773e-01
6.3651500000e+03 2.9990458647e-01
6.3651750000e+03 2.9990837148e-01
6.3652000000e+03 2.9991257026e-01
6.3652250000e+03 2.9991758393e-01
6.3652500000e+03 2.9992416102e-01
6.3652750000e+03 2.9993308894e-01
6.3653000000e+03 2.9994431425e-01
6.3653250000e+03 2.9995642908e-01
6.3653500000e+03 2.9996751187e-01
6.3653750000e+03 2.9997653025e-01
6.3654000000e+03 2.9998369184e-01
6.3654250000e+03 2.9998969855e-01
6.3654500000e+03 2.9999507525e-01
6.3654750000e+03 3.0000006678e-01
6.3655000000e+03 3.0000477157e-01
6.3655250000e+03 3.0000923575e-01
6.3655500000e+03 3.0001348725e-01
6.3655750000e+03 3.0001754427e-01
6.3656000000e+03 3.0002141253e-01
6.3656250000e+03 3.0002506207e-01
6.3656500000e+03 3.0002838338e-01
6.3656750000e+03 3.0003117397e-01
6.3657000000e+03 3.0003324207e-01
6.3657250000e+03 3.0003459320e-01
6.3657500000e+03 3.0003547941e-01
6.3657750000e+03 3.0003620802e-01
6.3658000000e+03 3.0003693798e-01
6.3658250000e+03 3.0003767724e-01
6.3658500000e+03 3.0003839217e-01
6.3658750000e+03 3.0003906753e-01
6.3659000000e+03 3.0003970167e-01
6.3659250000e+03 3.0004029186e-01
6.3659500000e+03 3.0004083121e-01
6.3659750000e+03 3.0004131161e-01
6.3660000000e+03 3.0004172699e-01
6.3660250000e+03 3.0004207450e-01
6.3660500000e+03 3.0004235361e-01
6.3660750000e+03 3.0004256519e-01
6.3661000000e+03 3.0004270953e-01
6.3661250000e+03 3.0004278548e-01
6.3661500000e+03 3.0004279248e-01
6.3661750000e+03 3.0004273024e-01
6.3662000000e+03 3.0004259723e-01
6.3662250000e+03 3.0004239324e-01
6.3662500000e+03 3.0004211837e-01
6.3662750000e+03 3.0004177155e-01
6.3663000000e+03 3.0004135212e-01
6.3663250000e+03 3.0004085986e-01
6.3663500000e+03 3.0004029437e-01
6.3663750000e+03 3.0003965542e-01
6.3664000000e+03 3.0003894292e-01
6.3664250000e+03 3.0003815608e-01
6.3664500000e+03 3.0003729399e-01
6.3664750000e+03 3.0003635643e-01
6.3665000000e+03 3.0003534282e-01
6.3665250000e+03 3.0003425272e-01
6.3665500000e+03 3.0003308608e-01
6.3665750000e+03 3.0003184229e-01
6.3666000000e+03 3.0003052045e-01
6.3666250000e+03 3.0002911998e-01
6.3666500000e+03 3.0002764031e-01
6.3666750000e+03 3.0002608060e-01
6.3667000000e+03 3.0002443962e-01
6.3667250000e+03 3.0002271541e-01
6.3667500000e+03 3.0002090549e-01
6.3667750000e+03 3.0001900620e-01
6.3668000000e+03 3.0001700933e-01
6.3668250000e+03 3.0001489361e-01
6.3668500000e+03 3.0001261199e-01
6.3668750000e+03 3.0001009625e-01
6.3669000000e+03 3.0000729958e-01
6.3669250000e+03 3.0000424784e-01
6.3669500000e+03 3.0000102960e-01
6.3669750000e+03 2.9999772891e-01
6.3670000000e+03 2.9999438007e-01
6.3670250000e+03 2.9999097738e-01
6.3670500000e+03 2.9998750269e-01
6.3670750000e+03 2.9998393916e-01
6.3671000000e+03 2.9998026754e-01
6.3671250000e+03 2.9997645270e-01
6.3671500000e+03 2.9997243009e-01
6.3671750000e+03 2.9996809980e-01
6.3672000000e+03 2.9996334621e-01
6.3672250000e+03 2.9995808536e-01
6.3672500000e+03 2.9995230002e-01
6.3672750000e+03 2.9994601543e-01
6.3673000000e+03 2.9993921867e-01
6.3673250000e+03 2.9993180123e-01
6.3673500000e+03 2.9992365910e-01
6.3673750000e+03 2.9991501553e-01
6.3674000000e+03 2.9990671107e-01
6.3674250000e+03 2.9989994138e-01
6.3674500000e+03 2.9989544737e-01
6.3674750000e+03 2.9989301443e-01
6.3675000000e+03 2.9989184548e-01
6.3675250000e+03 2.9989124016e-01
6.3675500000e+03 2.9989085466e-01
6.3675750000e+03 2.9989058785e-01
6.3676000000e+03 2.9989042873e-01
6.3676250000e+03 2.9989038461e-01
6.3676500000e+03 2.9989046286e-01
6.3676750000e+03 2.9989067264e-01
6.3677000000e+03 2.9989103045e-01
6.3677250000e+03 2.9989156763e-01
6.3677500000e+03 2.9989232731e-01
6.3677750000e+03 2.9989331813e-01
6.3678000000e+03 2.9989442292e-01
6.3678250000e+03 2.9989535804e-01
6.3678500000e+03 2.9989581006e-01
6.3678750000e+03 2.9989566538e-01
6.3679000000e+03 2.9989506504e-01
6.3679250000e+03 2.9989423703e-01
6.3679500000e+03 2.9989333660e-01
6.3679750000e+03 2.9989242473e-01
6.3680000000e+03 2.9989151589e-01
6.3680250000e+03 2.9989061427e-01
6.3680500000e+03 2.9988972421e-01
6.3680750000e+03 2.9988884776e-01
6.3681000000e+03 2.9988798064e-01
6.3681250000e+03 2.9988710548e-01
6.3681500000e+03 2.9988618965e-01
6.3681750000e+03 2.9988519756e-01
6.3682000000e+03 2.9988412021e-01
6.3682250000e+03 2.9988298922e-01
6.3682500000e+03 2.9988185212e-01
6.3682750000e+03 2.9988073842e-01
6.3683000000e+03 2.9987965145e-01
6.3683250000e+03 2.9987858084e-01
6.3683500000e+03 2.9987751471e-01
6.3683750000e+03 2.9987644469e-01
6.3684000000e+03 2.9987536596e-01
6.3684250000e+03 2.9987427551e-01
6.3684500000e+03 2.9987317061e-01
6.3684750000e+03 2.9987204511e-01
6.3685000000e+03 2.9987089048e-01
6.3685250000e+03 2.9986969815e-01
6.3685500000e+03 2.9986845912e-01
6.3685750000e+03 2.9986716480e-01
6.3686000000e+03 2.9986580477e-01
6.3686250000e+03 2.9986436658e-01
6.3686500000e+03 2.9986283692e-01
6.3686750000e+03 2.9986120094e-01
6.3687000000e+03 2.9985944107e-01
6.3687250000e+03 2.9985753617e-01
6.3687500000e+03 2.9985546166e-01
6.3687750000e+03 2.9985318816e-01
6.3688000000e+03 2.9985068059e-01
6.3688250000e+03 2.9984789702e-01
6.3688500000e+03 2.9984478617e-01
6.3688750000e+03 2.9984128535e-01
6.3689000000e+03 2.9983731806e-01
6.3689250000e+03 2.9983278963e-01
6.3689500000e+03 2.9982756925e-01
6.3689750000e+03 2.9982140123e-01
6.3690000000e+03 2.9981364573e-01
6.3690250000e+03 2.9980287936e-01
6.3690500000e+03 2.9978671192e-01
6.3690750000e+03 2.9976200400e-01
6.3691000000e+03 2.9972357170e-01
6.3691250000e+03 2.9965972977e-01
6.3691500000e+03 2.9955111979e-01
6.3691750000e+03 2.9937901183e-01
6.3692000000e+03 2.9913341384e-01
6.3692250000e+03 2.9881271955e-01
6.3692500000e+03 2.9842096429e-01
6.3692750000e+03 2.9796636109e-01
6.3693000000e+03 2.9746076210e-01
6.3693250000e+03 2.9691983696e-01
6.3693500000e+03 2.9636316138e-01
6.3693750000e+03 2.9581297311e-01
6.3694000000e+03 2.9528834362e-01
6.3694250000e+03 2.9479751088e-01
6.3694500000e+03 2.9433828882e-01
6.3694750000e+03 2.9390554606e-01
6.3695000000e+03 2.9349539710e-01
6.3695250000e+03 2.9310526665e-01
6.3695500000e+03 2.9273345513e-01
6.3695750000e+03 2.9237876838e-01
6.3696000000e+03 2.9204027686e-01
6.3696250000e+03 2.9171717270e-01
6.3696500000e+03 2.9140872693e-01
6.3696750000e+03 2.9111431660e-01
6.3697000000e+03 2.9083344916e-01
6.3697250000e+03 2.9056574322e-01
6.3697500000e+03 2.9031088579e-01
6.3697750000e+03 2.9006860255e-01
6.3698000000e+03 2.8983864923e-01
6.3698250000e+03 2.8962080854e-01
6.3698500000e+03 2.8941488724e-01
6.3698750000e+03 2.8922071505e-01
6.3699000000e+03 2.8903814052e-01
6.3699250000e+03 2.8886702934e-01
6.3699500000e+03 2.8870726259e-01
6.3699750000e+03 2.8855873342e-01
6.3700000000e+03 2.8842134794e-01
6.3700250000e+03 2.8829502371e-01
6.3700500000e+03 2.8817968759e-01
6.3700750000e+03 2.8807527337e-01
6.3701000000e+03 2.8798172051e-01
6.3701250000e+03 2.8789897445e-01
6.3701500000e+03 2.8782698890e-01
6.3701750000e+03 2.8776572812e-01
6.3702000000e+03 2.8771516302e-01
6.3702250000e+03 2.8767525813e-01
6.3702500000e+03 2.8764595246e-01
6.3702750000e+03 2.8762715332e-01
6.3703000000e+03 2.8761877206e-01
6.3703250000e+03 2.8762078837e-01
6.3703500000e+03 2.8763327001e-01
6.3703750000e+03 2.8765632057e-01
6.3704000000e+03 2.8769001809e-01
6.3704250000e+03 2.8773440201e-01
6.3704500000e+03 2.8778949314e-01
6.3704750000e+03 2.8785531126e-01
6.3705000000e+03 2.8793188262e-01
6.3705250000e+03 2.8801924259e-01
6.3705500000e+03 2.8811743643e-01
6.3705750000e+03 2.8822651928e-01
6.3706000000e+03 2.8834655397e-01
6.3706250000e+03 2.8847761078e-01
6.3706500000e+03 2.8861976735e-01
6.3706750000e+03 2.8877311031e-01
6.3707000000e+03 2.8893774004e-01
6.3707250000e+03 2.8911376967e-01
6.3707500000e+03 2.8930132452e-01
6.3707750000e+03 2.8950054648e-01
6.3708000000e+03 2.8971159691e-01
6.3708250000e+03 2.8993465773e-01
6.3708500000e+03 2.9016993475e-01
6.3708750000e+03 2.9041766293e-01
6.3709000000e+03 2.9067811116e-01
6.3709250000e+03 2.9095158967e-01
6.3709500000e+03 2.9123845907e-01
6.3709750000e+03 2.9153914198e-01
6.3710000000e+03 2.9185414027e-01
6.3710250000e+03 2.9218406098e-01
6.3710500000e+03 2.9252965601e-01
6.3710750000e+03 2.9289189169e-01
6.3711000000e+03 2.9327206092e-01
6.3711250000e+03 2.9367184360e-01
6.3711500000e+03 2.9409313674e-01
6.3711750000e+03 2.9453771151e-01
6.3712000000e+03 2.9500763507e-01
6.3712250000e+03 2.9550616001e-01
6.3712500000e+03 2.9603432742e-01
6.3712750000e+03 2.9658318980e-01
6.3713000000e+03 2.9713293828e-01
6.3713250000e+03 2.9766098094e-01
6.3713500000e+03 2.9814802584e-01
6.3713750000e+03 2.9857951455e-01
6.3714000000e+03 2.9894520524e-01
6.3714250000e+03 2.9923841071e-01
6.3714500000e+03 2.9945633838e-01
6.3714750000e+03 2.9960178859e-01
6.3715000000e+03 2.9968607204e-01
6.3715250000e+03 2.9972891041e-01
6.3715500000e+03 2.9975053769e-01
6.3715750000e+03 2.9976334548e-01
6.3716000000e+03 2.9977223897e-01
6.3716250000e+03 2.9977890343e-01
6.3716500000e+03 2.9978398570e-01
6.3716750000e+03 2.9978781806e-01
6.3717000000e+03 2.9979069612e-01
6.3717250000e+03 2.9979293265e-01
6.3717500000e+03 2.9979478891e-01
6.3717750000e+03 2.9979640557e-01
6.3718000000e+03 2.9979782233e-01
6.3718250000e+03 2.9979904486e-01
6.3718500000e+03 2.9980008860e-01
6.3718750000e+03 2.9980098151e-01
6.3719000000e+03 2.9980175375e-01
6.3719250000e+03 2.9980243197e-01
6.3719500000e+03 2.9980303891e-01
6.3719750000e+03 2.9980359350e-01
6.3720000000e+03 2.9980411217e-01
6.3720250000e+03 2.9980460875e-01
6.3720500000e+03 2.9980509486e-01
6.3720750000e+03 2.9980558212e-01
6.3721000000e+03 2.9980608008e-01
6.3721250000e+03 2.9980659677e-01
6.3721500000e+03 2.9980714071e-01
6.3721750000e+03 2.9980772046e-01
6.3722000000e+03 2.9980834385e-01
6.3722250000e+03 2.9980901771e-01
6.3722500000e+03 2.9980974719e-01
6.3722750000e+03 2.9981053586e-01
6.3723000000e+03 2.9981138834e-01
6.3723250000e+03 2.9981231707e-01
6.3723500000e+03 2.9981334072e-01
6.3723750000e+03 2.9981446323e-01
6.3724000000e+03 2.9981564244e-01
6.3724250000e+03 2.9981679033e-01
6.3724500000e+03 2.9981783307e-01
6.3724750000e+03 2.9981876696e-01
6.3725000000e+03 2.9981964393e-01
6.3725250000e+03 2.9982051939e-01
6.3725500000e+03 2.9982142700e-01
6.3725750000e+03 2.9982238664e-01
6.3726000000e+03 2.9982341329e-01
6.3726250000e+03 2.9982451694e-01
6.3726500000e+03 2.9982570238e-01
6.3726750000e+03 2.9982697093e-01
6.3727000000e+03 2.9982832302e-01
6.3727250000e+03 2.9982975891e-01
6.3727500000e+03 2.9983127982e-01
6.3727750000e+03 2.9983288685e-01
6.3728000000e+03 2.9983458114e-01
6.3728250000e+03 2.9983636184e-01
6.3728500000e+03 2.9983823767e-01
6.3728750000e+03 2.9984019365e-01
6.3729000000e+03 2.9984226825e-01
6.3729250000e+03 2.9984453196e-01
6.3729500000e+03 2.9984696059e-01
6.3729750000e+03 2.9984953531e-01
6.3730000000e+03 2.9985225898e-01
6.3730250000e+03 2.9985512824e-01
6.3730500000e+03 2.9985814420e-01
6.3730750000e+03 2.9986130817e-01
6.3731000000e+03 2.9986462259e-01
6.3731250000e+03 2.9986808989e-01
6.3731500000e+03 2.9987171380e-01
6.3731750000e+03 2.9987550218e-01
6.3732000000e+03 2.9987946839e-01
6.3732250000e+03 2.9988363066e-01
6.3732500000e+03 2.9988800796e-01
6.3732750000e+03 2.9989261504e-01
6.3733000000e+03 2.9989746482e-01
6.3733250000e+03 2.9990258005e-01
6.3733500000e+03 2.9990801245e-01
6.3733750000e+03 2.9991386555e-01
6.3734000000e+03 2.9992025604e-01
6.3734250000e+03 2.9992711355e-01
6.3734500000e+03 2.9993392038e-01
6.3734750000e+03 2.9993979915e-01
6.3735000000e+03 2.9994409433e-01
6.3735250000e+03 2.9994684804e-01
6.3735500000e+03 2.9994862192e-01
6.3735750000e+03 2.9994998133e-01
6.3736000000e+03 2.9995123173e-01
6.3736250000e+03 2.9995247642e-01
6.3736500000e+03 2.9995373995e-01
6.3736750000e+03 2.9995502961e-01
6.3737000000e+03 2.9995635235e-01
6.3737250000e+03 2.9995771541e-01
6.3737500000e+03 2.9995911683e-01
6.3737750000e+03 2.9996052770e-01
6.3738000000e+03 2.9996189054e-01
6.3738250000e+03 2.9996315504e-01
6.3738500000e+03 2.9996431004e-01
6.3738750000e+03 2.9996540220e-01
6.3739000000e+03 2.9996642073e-01
6.3739250000e+03 2.9996757310e-01
6.3739500000e+03 2.9996807359e-01
6.3739750000e+03 2.9996816186e-01
6.3740000000e+03 2.9996863661e-01
6.3740250000e+03 2.9996902275e-01
6.3740500000e+03 2.9996943263e-01
6.3740750000e+03 2.9996983615e-01
6.3741000000e+03 2.9997024137e-01
6.3741250000e+03 2.9997064614e-01
6.3741500000e+03 2.9997105103e-01
6.3741750000e+03 2.9997145588e-01
6.3742000000e+03 2.9997186075e-01
6.3742250000e+03 2.9997226561e-01
6.3742500000e+03 2.9997267047e-01
6.3742750000e+03 2.9997307534e-01
6.3743000000e+03 2.9997348020e-01
6.3743250000e+03 2.9997388506e-01
6.3743500000e+03 2.9997428993e-01
6.3743750000e+03 2.9997469479e-01
6.3744000000e+03 2.9997509965e-01
6.3744250000e+03 2.9997550452e-01
6.3744500000e+03 2.9997590938e-01
6.3744750000e+03 2.9997631424e-01
6.3745000000e+03 2.9997671911e-01
6.3745250000e+03 2.9997712397e-01
6.3745500000e+03 2.9997752883e-01
6.3745750000e+03 2.9997793370e-01
6.3746000000e+03 2.9997833856e-01
6.3746250000e+03 2.9997874342e-01
6.3746500000e+03 2.9997914829e-01
6.3746750000e+03 2.9997955315e-01
6.3747000000e+03 2.9997995801e-01
6.3747250000e+03 2.9998036288e-01
6.3747500000e+03 2.9998076774e-01
6.3747750000e+03 2.9998117260e-01
6.3748000000e+03 2.9998157747e-01
6.3748250000e+03 2.9998198233e-01
6.3748500000e+03 2.9998238719e-01
6.3748750000e+03 2.9998279206e-01
6.3749000000e+03 2.9998319692e-01
6.3749250000e+03 2.9998360178e-01
6.3749500000e+03 2.9998400665e-01
6.3749750000e+03 2.9998441151e-01
6.3750000000e+03 2.9998481637e-01
