# Component: secondary
# Region: (6330.0,6375.0)
# KOREL: False
# Parameters: {'rv': -19.9589330606, 'teff': 18000.0, 'vrot': 50.0, 'logg': 4.2, 'lr': 0.3, 'z': 1.0}
6.3300000000e+03 2.9991037444e-01
6.3300250000e+03 2.9990874574e-01
6.3300500000e+03 2.9990719803e-01
6.3300750000e+03 2.9990573071e-01
6.3301000000e+03 2.9990434324e-01
6.3301250000e+03 2.9990303554e-01
6.3301500000e+03 2.9990180763e-01
6.3301750000e+03 2.9990065944e-01
6.3302000000e+03 2.9989959044e-01
6.3302250000e+03 2.9989860074e-01
6.3302500000e+03 2.9989769045e-01
6.3302750000e+03 2.9989685925e-01
6.3303000000e+03 2.9989610692e-01
6.3303250000e+03 2.9989543103e-01
6.3303500000e+03 2.9989481771e-01
6.3303750000e+03 2.9989419515e-01
6.3304000000e+03 2.9989327431e-01
6.3304250000e+03 2.9989127304e-01
6.3304500000e+03 2.9988687923e-01
6.3304750000e+03 2.9987900621e-01
6.3305000000e+03 2.9986790739e-01
6.3305250000e+03 2.9985524418e-01
6.3305500000e+03 2.9984284710e-01
6.3305750000e+03 2.9983164142e-01
6.3306000000e+03 2.9982166810e-01
6.3306250000e+03 2.9981267360e-01
6.3306500000e+03 2.9980432074e-01
6.3306750000e+03 2.9979624902e-01
6.3307000000e+03 2.9978812127e-01
6.3307250000e+03 2.9977975728e-01
6.3307500000e+03 2.9977129604e-01
6.3307750000e+03 2.9976307827e-01
6.3308000000e+03 2.9975537093e-01
6.3308250000e+03 2.9974824826e-01
6.3308500000e+03 2.9974166715e-01
6.3308750000e+03 2.9973556665e-01
6.3309000000e+03 2.9972990439e-01
6.3309250000e+03 2.9972465515e-01
6.3309500000e+03 2.9971980177e-01
6.3309750000e+03 2.9971533215e-01
6.3310000000e+03 2.9971123443e-01
6.3310250000e+03 2.9970749156e-01
6.3310500000e+03 2.9970408435e-01
6.3310750000e+03 2.9970100006e-01
6.3311000000e+03 2.9969823770e-01
6.3311250000e+03 2.9969580330e-01
6.3311500000e+03 2.9969370338e-01
6.3311750000e+03 2.9969194306e-01
6.3312000000e+03 2.9969052520e-01
6.3312250000e+03 2.9968945297e-01
6.3312500000e+03 2.9968873201e-01
6.3312750000e+03 2.9968836947e-01
6.3313000000e+03 2.9968837695e-01
6.3313250000e+03 2.9968877082e-01
6.3313500000e+03 2.9968957846e-01
6.3313750000e+03 2.9969084161e-01
6.3314000000e+03 2.9969260014e-01
6.3314250000e+03 2.9969483839e-01
6.3314500000e+03 2.9969742329e-01
6.3314750000e+03 2.9970011298e-01
6.3315000000e+03 2.9970265499e-01
6.3315250000e+03 2.9970486603e-01
6.3315500000e+03 2.9970664744e-01
6.3315750000e+03 2.9970798963e-01
6.3316000000e+03 2.9970897839e-01
6.3316250000e+03 2.9970976631e-01
6.3316500000e+03 2.9971051115e-01
6.3316750000e+03 2.9971132897e-01
6.3317000000e+03 2.9971227836e-01
6.3317250000e+03 2.9971337420e-01
6.3317500000e+03 2.9971461645e-01
6.3317750000e+03 2.9971602023e-01
6.3318000000e+03 2.9971762307e-01
6.3318250000e+03 2.9971946346e-01
6.3318500000e+03 2.9972156168e-01
6.3318750000e+03 2.9972392002e-01
6.3319000000e+03 2.9972653483e-01
6.3319250000e+03 2.9972940374e-01
6.3319500000e+03 2.9973252587e-01
6.3319750000e+03 2.9973590163e-01
6.3320000000e+03 2.9973953211e-01
6.3320250000e+03 2.9974341897e-01
6.3320500000e+03 2.9974756597e-01
6.3320750000e+03 2.9975197683e-01
6.3321000000e+03 2.9975665536e-01
6.3321250000e+03 2.9976160630e-01
6.3321500000e+03 2.9976683498e-01
6.3321750000e+03 2.9977234856e-01
6.3322000000e+03 2.9977815447e-01
6.3322250000e+03 2.9978426147e-01
6.3322500000e+03 2.9979068045e-01
6.3322750000e+03 2.9979742478e-01
6.3323000000e+03 2.9980451025e-01
6.3323250000e+03 2.9981195406e-01
6.3323500000e+03 2.9981977754e-01
6.3323750000e+03 2.9982800810e-01
6.3324000000e+03 2.9983668548e-01
6.3324250000e+03 2.9984587496e-01
6.3324500000e+03 2.9985568231e-01
6.3324750000e+03 2.9986628004e-01
6.3325000000e+03 2.9987792560e-01
6.3325250000e+03 2.9989082596e-01
6.3325500000e+03 2.9990466669e-01
6.3325750000e+03 2.9991811045e-01
6.3326000000e+03 2.9992920969e-01
6.3326250000e+03 2.9993677287e-01
6.3326500000e+03 2.9994118515e-01
6.3326750000e+03 2.9994376652e-01
6.3327000000e+03 2.9994567571e-01
6.3327250000e+03 2.9994750101e-01
6.3327500000e+03 2.9994940913e-01
6.3327750000e+03 2.9995120465e-01
6.3328000000e+03 2.9995192709e-01
6.3328250000e+03 2.9994892638e-01
6.3328500000e+03 2.9993677059e-01
6.3328750000e+03 2.9990691776e-01
6.3329000000e+03 2.9984941698e-01
6.3329250000e+03 2.9975654075e-01
6.3329500000e+03 2.9962604199e-01
6.3329750000e+03 2.9946226098e-01
6.3330000000e+03 2.9927518608e-01
6.3330250000e+03 2.9907787769e-01
6.3330500000e+03 2.9888276221e-01
6.3330750000e+03 2.9869809074e-01
6.3331000000e+03 2.9852676667e-01
6.3331250000e+03 2.9836806550e-01
6.3331500000e+03 2.9822002340e-01
6.3331750000e+03 2.9808083089e-01
6.3332000000e+03 2.9794918211e-01
6.3332250000e+03 2.9782418860e-01
6.3332500000e+03 2.9770522852e-01
6.3332750000e+03 2.9759184181e-01
6.3333000000e+03 2.9748367107e-01
6.3333250000e+03 2.9738043324e-01
6.3333500000e+03 2.9728190446e-01
6.3333750000e+03 2.9718790810e-01
6.3334000000e+03 2.9709829959e-01
6.3334250000e+03 2.9701295379e-01
6.3334500000e+03 2.9693175690e-01
6.3334750000e+03 2.9685460892e-01
6.3335000000e+03 2.9678142332e-01
6.3335250000e+03 2.9671212461e-01
6.3335500000e+03 2.9664664662e-01
6.3335750000e+03 2.9658493167e-01
6.3336000000e+03 2.9652692879e-01
6.3336250000e+03 2.9647259331e-01
6.3336500000e+03 2.9642188616e-01
6.3336750000e+03 2.9637477238e-01
6.3337000000e+03 2.9633122138e-01
6.3337250000e+03 2.9629120575e-01
6.3337500000e+03 2.9625469864e-01
6.3337750000e+03 2.9622167515e-01
6.3338000000e+03 2.9619211209e-01
6.3338250000e+03 2.9616598074e-01
6.3338500000e+03 2.9614324033e-01
6.3338750000e+03 2.9612384419e-01
6.3339000000e+03 2.9610776226e-01
6.3339250000e+03 2.9609499611e-01
6.3339500000e+03 2.9608556648e-01
6.3339750000e+03 2.9607949245e-01
6.3340000000e+03 2.9607678279e-01
6.3340250000e+03 2.9607743948e-01
6.3340500000e+03 2.9608146112e-01
6.3340750000e+03 2.9608884412e-01
6.3341000000e+03 2.9609958182e-01
6.3341250000e+03 2.9611366549e-01
6.3341500000e+03 2.9613109058e-01
6.3341750000e+03 2.9615186987e-01
6.3342000000e+03 2.9617603625e-01
6.3342250000e+03 2.9620362525e-01
6.3342500000e+03 2.9623465081e-01
6.3342750000e+03 2.9626910680e-01
6.3343000000e+03 2.9630699720e-01
6.3343250000e+03 2.9634835280e-01
6.3343500000e+03 2.9639322402e-01
6.3343750000e+03 2.9644166289e-01
6.3344000000e+03 2.9649371418e-01
6.3344250000e+03 2.9654941789e-01
6.3344500000e+03 2.9660881503e-01
6.3344750000e+03 2.9667194871e-01
6.3345000000e+03 2.9673886569e-01
6.3345250000e+03 2.9680961814e-01
6.3345500000e+03 2.9688427033e-01
6.3345750000e+03 2.9696290241e-01
6.3346000000e+03 2.9704560925e-01
6.3346250000e+03 2.9713249854e-01
6.3346500000e+03 2.9722369275e-01
6.3346750000e+03 2.9731933404e-01
6.3347000000e+03 2.9741958984e-01
6.3347250000e+03 2.9752466062e-01
6.3347500000e+03 2.9763479045e-01
6.3347750000e+03 2.9775028243e-01
6.3348000000e+03 2.9787152189e-01
6.3348250000e+03 2.9799901358e-01
6.3348500000e+03 2.9813345445e-01
6.3348750000e+03 2.9827585939e-01
6.3349000000e+03 2.9842772595e-01
6.3349250000e+03 2.9859102751e-01
6.3349500000e+03 2.9876749112e-01
6.3349750000e+03 2.9895669384e-01
6.3350000000e+03 2.9915365748e-01
6.3350250000e+03 2.9934814550e-01
6.3350500000e+03 2.9952700896e-01
6.3350750000e+03 2.9967805358e-01
6.3351000000e+03 2.9979337078e-01
6.3351250000e+03 2.9987136532e-01
6.3351500000e+03 2.9991696544e-01
6.3351750000e+03 2.9993950546e-01
6.3352000000e+03 2.9994880927e-01
6.3352250000e+03 2.9995199794e-01
6.3352500000e+03 2.9995289622e-01
6.3352750000e+03 2.9995308937e-01
6.3353000000e+03 2.9995310580e-01
6.3353250000e+03 2.9995309034e-01
6.3353500000e+03 2.9995307850e-01
6.3353750000e+03 2.9995307899e-01
6.3354000000e+03 2.9995308906e-01
6.3354250000e+03 2.9995309678e-01
6.3354500000e+03 2.9995308521e-01
6.3354750000e+03 2.9995304323e-01
6.3355000000e+03 2.9995297322e-01
6.3355250000e+03 2.9995287785e-01
6.3355500000e+03 2.9995271479e-01
6.3355750000e+03 2.9995231474e-01
6.3356000000e+03 2.9995131708e-01
6.3356250000e+03 2.9994929824e-01
6.3356500000e+03 2.9994612922e-01
6.3356750000e+03 2.9994218624e-01
6.3357000000e+03 2.9993808847e-01
6.3357250000e+03 2.9993425952e-01
6.3357500000e+03 2.9993080120e-01
6.3357750000e+03 2.9992765489e-01
6.3358000000e+03 2.9992474792e-01
6.3358250000e+03 2.9992203418e-01
6.3358500000e+03 2.9991948708e-01
6.3358750000e+03 2.9991708957e-01
6.3359000000e+03 2.9991482816e-01
6.3359250000e+03 2.9991269318e-01
6.3359500000e+03 2.9991067721e-01
6.3359750000e+03 2.9990877314e-01
6.3360000000e+03 2.9990697574e-01
6.3360250000e+03 2.9990528143e-01
6.3360500000e+03 2.9990368744e-01
6.3360750000e+03 2.9990219142e-01
6.3361000000e+03 2.9990079184e-01
6.3361250000e+03 2.9989948792e-01
6.3361500000e+03 2.9989827987e-01
6.3361750000e+03 2.9989716770e-01
6.3362000000e+03 2.9989615035e-01
6.3362250000e+03 2.9989522055e-01
6.3362500000e+03 2.9989436166e-01
6.3362750000e+03 2.9989354913e-01
6.3363000000e+03 2.9989276268e-01
6.3363250000e+03 2.9989199979e-01
6.3363500000e+03 2.9989127206e-01
6.3363750000e+03 2.9989058511e-01
6.3364000000e+03 2.9988993062e-01
6.3364250000e+03 2.9988929930e-01
6.3364500000e+03 2.9988869035e-01
6.3364750000e+03 2.9988811405e-01
6.3365000000e+03 2.9988758525e-01
6.3365250000e+03 2.9988711580e-01
6.3365500000e+03 2.9988671346e-01
6.3365750000e+03 2.9988638532e-01
6.3366000000e+03 2.9988614076e-01
6.3366250000e+03 2.9988598840e-01
6.3366500000e+03 2.9988592901e-01
6.3366750000e+03 2.9988595278e-01
6.3367000000e+03 2.9988604608e-01
6.3367250000e+03 2.9988620269e-01
6.3367500000e+03 2.9988642238e-01
6.3367750000e+03 2.9988670669e-01
6.3368000000e+03 2.9988705811e-01
6.3368250000e+03 2.9988747887e-01
6.3368500000e+03 2.9988797092e-01
6.3368750000e+03 2.9988853652e-01
6.3369000000e+03 2.9988917990e-01
6.3369250000e+03 2.9988990708e-01
6.3369500000e+03 2.9989072060e-01
6.3369750000e+03 2.9989161210e-01
6.3370000000e+03 2.9989255751e-01
6.3370250000e+03 2.9989352804e-01
6.3370500000e+03 2.9989451131e-01
6.3370750000e+03 2.9989551657e-01
6.3371000000e+03 2.9989656053e-01
6.3371250000e+03 2.9989765573e-01
6.3371500000e+03 2.9989880875e-01
6.3371750000e+03 2.9990002354e-01
6.3372000000e+03 2.9990130354e-01
6.3372250000e+03 2.9990265204e-01
6.3372500000e+03 2.9990407206e-01
6.3372750000e+03 2.9990556669e-01
6.3373000000e+03 2.9990713817e-01
6.3373250000e+03 2.9990878800e-01
6.3373500000e+03 2.9991051936e-01
6.3373750000e+03 2.9991233523e-01
6.3374000000e+03 2.9991423931e-01
6.3374250000e+03 2.9991623567e-01
6.3374500000e+03 2.9991832895e-01
6.3374750000e+03 2.9992052561e-01
6.3375000000e+03 2.9992283404e-01
6.3375250000e+03 2.9992526298e-01
6.3375500000e+03 2.9992782168e-01
6.3375750000e+03 2.9993052000e-01
6.3376000000e+03 2.9993337493e-01
6.3376250000e+03 2.9993642434e-01
6.3376500000e+03 2.9993973957e-01
6.3376750000e+03 2.9994341023e-01
6.3377000000e+03 2.9994744286e-01
6.3377250000e+03 2.9995157468e-01
6.3377500000e+03 2.9995523436e-01
6.3377750000e+03 2.9995786849e-01
6.3378000000e+03 2.9995935602e-01
6.3378250000e+03 2.9996001868e-01
6.3378500000e+03 2.9996027099e-01
6.3378750000e+03 2.9996036848e-01
6.3379000000e+03 2.9996040928e-01
6.3379250000e+03 2.9996042042e-01
6.3379500000e+03 2.9996041007e-01
6.3379750000e+03 2.9996038496e-01
6.3380000000e+03 2.9996035246e-01
6.3380250000e+03 2.9996031724e-01
6.3380500000e+03 2.9996028215e-01
6.3380750000e+03 2.9996024800e-01
6.3381000000e+03 2.9996021480e-01
6.3381250000e+03 2.9996018270e-01
6.3381500000e+03 2.9996015171e-01
6.3381750000e+03 2.9996012161e-01
6.3382000000e+03 2.9996009249e-01
6.3382250000e+03 2.9996006463e-01
6.3382500000e+03 2.9996003847e-01
6.3382750000e+03 2.9996001371e-01
6.3383000000e+03 2.9995998972e-01
6.3383250000e+03 2.9995996667e-01
6.3383500000e+03 2.9995994429e-01
6.3383750000e+03 2.9995992300e-01
6.3384000000e+03 2.9995990528e-01
6.3384250000e+03 2.9995989379e-01
6.3384500000e+03 2.9995988950e-01
6.3384750000e+03 2.9995989634e-01
6.3385000000e+03 2.9995993073e-01
6.3385250000e+03 2.9996001911e-01
6.3385500000e+03 2.9996017176e-01
6.3385750000e+03 2.9996036353e-01
6.3386000000e+03 2.9996055305e-01
6.3386250000e+03 2.9996071261e-01
6.3386500000e+03 2.9996083569e-01
6.3386750000e+03 2.9996092586e-01
6.3387000000e+03 2.9996098940e-01
6.3387250000e+03 2.9996103781e-01
6.3387500000e+03 2.9996108538e-01
6.3387750000e+03 2.9996114348e-01
6.3388000000e+03 2.9996121237e-01
6.3388250000e+03 2.9996128260e-01
6.3388500000e+03 2.9996134493e-01
6.3388750000e+03 2.9996139099e-01
6.3389000000e+03 2.9996141111e-01
6.3389250000e+03 2.9996138982e-01
6.3389500000e+03 2.9996129980e-01
6.3389750000e+03 2.9996109539e-01
6.3390000000e+03 2.9996070785e-01
6.3390250000e+03 2.9996005065e-01
6.3390500000e+03 2.9995903603e-01
6.3390750000e+03 2.9995760033e-01
6.3391000000e+03 2.9995572881e-01
6.3391250000e+03 2.9995346847e-01
6.3391500000e+03 2.9995091949e-01
6.3391750000e+03 2.9994820917e-01
6.3392000000e+03 2.9994546117e-01
6.3392250000e+03 2.9994276783e-01
6.3392500000e+03 2.9994017227e-01
6.3392750000e+03 2.9993763808e-01
6.3393000000e+03 2.9993497798e-01
6.3393250000e+03 2.9993179638e-01
6.3393500000e+03 2.9992763758e-01
6.3393750000e+03 2.9992236027e-01
6.3394000000e+03 2.9991635269e-01
6.3394250000e+03 2.9991024071e-01
6.3394500000e+03 2.9990439671e-01
6.3394750000e+03 2.9989876794e-01
6.3395000000e+03 2.9989308014e-01
6.3395250000e+03 2.9988715919e-01
6.3395500000e+03 2.9988110089e-01
6.3395750000e+03 2.9987516228e-01
6.3396000000e+03 2.9986953738e-01
6.3396250000e+03 2.9986427092e-01
6.3396500000e+03 2.9985932148e-01
6.3396750000e+03 2.9985463449e-01
6.3397000000e+03 2.9985015978e-01
6.3397250000e+03 2.9984583451e-01
6.3397500000e+03 2.9984157462e-01
6.3397750000e+03 2.9983731326e-01
6.3398000000e+03 2.9983306072e-01
6.3398250000e+03 2.9982890379e-01
6.3398500000e+03 2.9982493421e-01
6.3398750000e+03 2.9982119310e-01
6.3399000000e+03 2.9981767733e-01
6.3399250000e+03 2.9981436909e-01
6.3399500000e+03 2.9981125228e-01
6.3399750000e+03 2.9980831365e-01
6.3400000000e+03 2.9980554148e-01
6.3400250000e+03 2.9980292586e-01
6.3400500000e+03 2.9980046252e-01
6.3400750000e+03 2.9979815184e-01
6.3401000000e+03 2.9979599704e-01
6.3401250000e+03 2.9979399897e-01
6.3401500000e+03 2.9979215022e-01
6.3401750000e+03 2.9979040578e-01
6.3402000000e+03 2.9978856722e-01
6.3402250000e+03 2.9978603251e-01
6.3402500000e+03 2.9978166275e-01
6.3402750000e+03 2.9977430833e-01
6.3403000000e+03 2.9976386006e-01
6.3403250000e+03 2.9975162185e-01
6.3403500000e+03 2.9973936971e-01
6.3403750000e+03 2.9972818164e-01
6.3404000000e+03 2.9971823610e-01
6.3404250000e+03 2.9970931113e-01
6.3404500000e+03 2.9970117960e-01
6.3404750000e+03 2.9969369939e-01
6.3405000000e+03 2.9968678342e-01
6.3405250000e+03 2.9968037232e-01
6.3405500000e+03 2.9967442197e-01
6.3405750000e+03 2.9966889795e-01
6.3406000000e+03 2.9966378285e-01
6.3406250000e+03 2.9965908768e-01
6.3406500000e+03 2.9965484717e-01
6.3406750000e+03 2.9965108830e-01
6.3407000000e+03 2.9964779891e-01
6.3407250000e+03 2.9964493152e-01
6.3407500000e+03 2.9964243251e-01
6.3407750000e+03 2.9964026003e-01
6.3408000000e+03 2.9963838846e-01
6.3408250000e+03 2.9963680525e-01
6.3408500000e+03 2.9963551217e-01
6.3408750000e+03 2.9963452188e-01
6.3409000000e+03 2.9963385612e-01
6.3409250000e+03 2.9963354259e-01
6.3409500000e+03 2.9963361156e-01
6.3409750000e+03 2.9963409303e-01
6.3410000000e+03 2.9963501163e-01
6.3410250000e+03 2.9963638521e-01
6.3410500000e+03 2.9963822614e-01
6.3410750000e+03 2.9964054071e-01
6.3411000000e+03 2.9964332195e-01
6.3411250000e+03 2.9964653793e-01
6.3411500000e+03 2.9965012107e-01
6.3411750000e+03 2.9965396716e-01
6.3412000000e+03 2.9965795200e-01
6.3412250000e+03 2.9966196019e-01
6.3412500000e+03 2.9966591810e-01
6.3412750000e+03 2.9966981401e-01
6.3413000000e+03 2.9967369871e-01
6.3413250000e+03 2.9967767390e-01
6.3413500000e+03 2.9968187046e-01
6.3413750000e+03 2.9968643704e-01
6.3414000000e+03 2.9969152254e-01
6.3414250000e+03 2.9969718177e-01
6.3414500000e+03 2.9970318672e-01
6.3414750000e+03 2.9970897843e-01
6.3415000000e+03 2.9971399199e-01
6.3415250000e+03 2.9971811137e-01
6.3415500000e+03 2.9972170638e-01
6.3415750000e+03 2.9972524124e-01
6.3416000000e+03 2.9972891125e-01
6.3416250000e+03 2.9973258166e-01
6.3416500000e+03 2.9973600498e-01
6.3416750000e+03 2.9973909329e-01
6.3417000000e+03 2.9974198224e-01
6.3417250000e+03 2.9974488008e-01
6.3417500000e+03 2.9974793112e-01
6.3417750000e+03 2.9975120146e-01
6.3418000000e+03 2.9975471892e-01
6.3418250000e+03 2.9975849804e-01
6.3418500000e+03 2.9976252887e-01
6.3418750000e+03 2.9976674802e-01
6.3419000000e+03 2.9977105466e-01
6.3419250000e+03 2.9977538364e-01
6.3419500000e+03 2.9977975584e-01
6.3419750000e+03 2.9978424656e-01
6.3420000000e+03 2.9978892548e-01
6.3420250000e+03 2.9979383170e-01
6.3420500000e+03 2.9979898312e-01
6.3420750000e+03 2.9980439200e-01
6.3421000000e+03 2.9981007082e-01
6.3421250000e+03 2.9981603402e-01
6.3421500000e+03 2.9982229600e-01
6.3421750000e+03 2.9982887827e-01
6.3422000000e+03 2.9983581548e-01
6.3422250000e+03 2.9984316042e-01
6.3422500000e+03 2.9985099333e-01
6.3422750000e+03 2.9985944356e-01
6.3423000000e+03 2.9986871870e-01
6.3423250000e+03 2.9987905680e-01
6.3423500000e+03 2.9989039541e-01
6.3423750000e+03 2.9990183772e-01
6.3424000000e+03 2.9991167009e-01
6.3424250000e+03 2.9991840692e-01
6.3424500000e+03 2.9992188749e-01
6.3424750000e+03 2.9992314700e-01
6.3425000000e+03 2.9992338622e-01
6.3425250000e+03 2.9992330961e-01
6.3425500000e+03 2.9992317215e-01
6.3425750000e+03 2.9992303437e-01
6.3426000000e+03 2.9992290730e-01
6.3426250000e+03 2.9992279381e-01
6.3426500000e+03 2.9992269482e-01
6.3426750000e+03 2.9992261100e-01
6.3427000000e+03 2.9992254139e-01
6.3427250000e+03 2.9992248595e-01
6.3427500000e+03 2.9992244581e-01
6.3427750000e+03 2.9992242381e-01
6.3428000000e+03 2.9992242340e-01
6.3428250000e+03 2.9992244600e-01
6.3428500000e+03 2.9992248700e-01
6.3428750000e+03 2.9992253584e-01
6.3429000000e+03 2.9992257321e-01
6.3429250000e+03 2.9992257503e-01
6.3429500000e+03 2.9992251489e-01
6.3429750000e+03 2.9992237127e-01
6.3430000000e+03 2.9992212991e-01
6.3430250000e+03 2.9992178570e-01
6.3430500000e+03 2.9992134241e-01
6.3430750000e+03 2.9992081000e-01
6.3431000000e+03 2.9992020193e-01
6.3431250000e+03 2.9991953346e-01
6.3431500000e+03 2.9991882018e-01
6.3431750000e+03 2.9991807751e-01
6.3432000000e+03 2.9991731707e-01
6.3432250000e+03 2.9991654306e-01
6.3432500000e+03 2.9991575624e-01
6.3432750000e+03 2.9991495630e-01
6.3433000000e+03 2.9991414196e-01
6.3433250000e+03 2.9991331265e-01
6.3433500000e+03 2.9991246726e-01
6.3433750000e+03 2.9991160405e-01
6.3434000000e+03 2.9991072185e-01
6.3434250000e+03 2.9990981959e-01
6.3434500000e+03 2.9990889701e-01
6.3434750000e+03 2.9990795351e-01
6.3435000000e+03 2.9990698560e-01
6.3435250000e+03 2.9990598416e-01
6.3435500000e+03 2.9990494020e-01
6.3435750000e+03 2.9990385077e-01
6.3436000000e+03 2.9990271989e-01
6.3436250000e+03 2.9990155212e-01
6.3436500000e+03 2.9990034644e-01
6.3436750000e+03 2.9989909573e-01
6.3437000000e+03 2.9989779114e-01
6.3437250000e+03 2.9989642909e-01
6.3437500000e+03 2.9989501411e-01
6.3437750000e+03 2.9989355578e-01
6.3438000000e+03 2.9989205968e-01
6.3438250000e+03 2.9989052483e-01
6.3438500000e+03 2.9988894170e-01
6.3438750000e+03 2.9988727759e-01
6.3439000000e+03 2.9988544751e-01
6.3439250000e+03 2.9988330214e-01
6.3439500000e+03 2.9988070261e-01
6.3439750000e+03 2.9987765311e-01
6.3440000000e+03 2.9987432869e-01
6.3440250000e+03 2.9987094237e-01
6.3440500000e+03 2.9986760924e-01
6.3440750000e+03 2.9986433834e-01
6.3441000000e+03 2.9986109519e-01
6.3441250000e+03 2.9985784714e-01
6.3441500000e+03 2.9985457246e-01
6.3441750000e+03 2.9985125657e-01
6.3442000000e+03 2.9984788750e-01
6.3442250000e+03 2.9984445423e-01
6.3442500000e+03 2.9984094863e-01
6.3442750000e+03 2.9983736301e-01
6.3443000000e+03 2.9983368917e-01
6.3443250000e+03 2.9982991649e-01
6.3443500000e+03 2.9982603120e-01
6.3443750000e+03 2.9982201379e-01
6.3444000000e+03 2.9981783318e-01
6.3444250000e+03 2.9981344374e-01
6.3444500000e+03 2.9980880172e-01
6.3444750000e+03 2.9980389043e-01
6.3445000000e+03 2.9979872077e-01
6.3445250000e+03 2.9979330709e-01
6.3445500000e+03 2.9978764919e-01
6.3445750000e+03 2.9978173433e-01
6.3446000000e+03 2.9977554729e-01
6.3446250000e+03 2.9976907092e-01
6.3446500000e+03 2.9976228030e-01
6.3446750000e+03 2.9975514147e-01
6.3447000000e+03 2.9974761329e-01
6.3447250000e+03 2.9973964948e-01
6.3447500000e+03 2.9973119877e-01
6.3447750000e+03 2.9972220227e-01
6.3448000000e+03 2.9971259183e-01
6.3448250000e+03 2.9970228825e-01
6.3448500000e+03 2.9969119856e-01
6.3448750000e+03 2.9967921150e-01
6.3449000000e+03 2.9966619164e-01
6.3449250000e+03 2.9965197693e-01
6.3449500000e+03 2.9963637119e-01
6.3449750000e+03 2.9961912901e-01
6.3450000000e+03 2.9959993832e-01
6.3450250000e+03 2.9957839267e-01
6.3450500000e+03 2.9955394883e-01
6.3450750000e+03 2.9952576156e-01
6.3451000000e+03 2.9949251648e-01
6.3451250000e+03 2.9945193965e-01
6.3451500000e+03 2.9940034174e-01
6.3451750000e+03 2.9933352595e-01
6.3452000000e+03 2.9924830582e-01
6.3452250000e+03 2.9914319204e-01
6.3452500000e+03 2.9901793129e-01
6.3452750000e+03 2.9887385567e-01
6.3453000000e+03 2.9871403420e-01
6.3453250000e+03 2.9854252165e-01
6.3453500000e+03 2.9836325106e-01
6.3453750000e+03 2.9817847090e-01
6.3454000000e+03 2.9798824433e-01
6.3454250000e+03 2.9779058836e-01
6.3454500000e+03 2.9758167013e-01
6.3454750000e+03 2.9735505147e-01
6.3455000000e+03 2.9709900125e-01
6.3455250000e+03 2.9679622925e-01
6.3455500000e+03 2.9643000223e-01
6.3455750000e+03 2.9599015879e-01
6.3456000000e+03 2.9547418095e-01
6.3456250000e+03 2.9488537327e-01
6.3456500000e+03 2.9423084537e-01
6.3456750000e+03 2.9352083870e-01
6.3457000000e+03 2.9276915425e-01
6.3457250000e+03 2.9199384562e-01
6.3457500000e+03 2.9121694748e-01
6.3457750000e+03 2.9046182662e-01
6.3458000000e+03 2.8974529006e-01
6.3458250000e+03 2.8907125584e-01
6.3458500000e+03 2.8843547163e-01
6.3458750000e+03 2.8783304641e-01
6.3459000000e+03 2.8726055465e-01
6.3459250000e+03 2.8671567552e-01
6.3459500000e+03 2.8619674521e-01
6.3459750000e+03 2.8570252283e-01
6.3460000000e+03 2.8523207645e-01
6.3460250000e+03 2.8478468264e-01
6.3460500000e+03 2.8435967754e-01
6.3460750000e+03 2.8395631194e-01
6.3461000000e+03 2.8357378740e-01
6.3461250000e+03 2.8321146599e-01
6.3461500000e+03 2.8286897744e-01
6.3461750000e+03 2.8254611872e-01
6.3462000000e+03 2.8224271634e-01
6.3462250000e+03 2.8195857877e-01
6.3462500000e+03 2.8169351009e-01
6.3462750000e+03 2.8144732705e-01
6.3463000000e+03 2.8121986647e-01
6.3463250000e+03 2.8101098546e-01
6.3463500000e+03 2.8082055788e-01
6.3463750000e+03 2.8064847158e-01
6.3464000000e+03 2.8049462932e-01
6.3464250000e+03 2.8035894589e-01
6.3464500000e+03 2.8024134675e-01
6.3464750000e+03 2.8014177170e-01
6.3465000000e+03 2.8006016995e-01
6.3465250000e+03 2.7999647877e-01
6.3465500000e+03 2.7995058312e-01
6.3465750000e+03 2.7992230014e-01
6.3466000000e+03 2.7991144846e-01
6.3466250000e+03 2.7991797611e-01
6.3466500000e+03 2.7994201683e-01
6.3466750000e+03 2.7998379011e-01
6.3467000000e+03 2.8004346069e-01
6.3467250000e+03 2.8012109983e-01
6.3467500000e+03 2.8021673453e-01
6.3467750000e+03 2.8033039372e-01
6.3468000000e+03 2.8046212029e-01
6.3468250000e+03 2.8061197104e-01
6.3468500000e+03 2.8078001463e-01
6.3468750000e+03 2.8096633205e-01
6.3469000000e+03 2.8117101603e-01
6.3469250000e+03 2.8139417259e-01
6.3469500000e+03 2.8163592546e-01
6.3469750000e+03 2.8189642141e-01
6.3470000000e+03 2.8217583414e-01
6.3470250000e+03 2.8247436517e-01
6.3470500000e+03 2.8279224967e-01
6.3470750000e+03 2.8312976211e-01
6.3471000000e+03 2.8348721570e-01
6.3471250000e+03 2.8386496553e-01
6.3471500000e+03 2.8426342405e-01
6.3471750000e+03 2.8468309230e-01
6.3472000000e+03 2.8512445953e-01
6.3472250000e+03 2.8558786006e-01
6.3472500000e+03 2.8607280331e-01
6.3472750000e+03 2.8657690827e-01
6.3473000000e+03 2.8709624289e-01
6.3473250000e+03 2.8762688083e-01
6.3473500000e+03 2.8816580032e-01
6.3473750000e+03 2.8871015912e-01
6.3474000000e+03 2.8925760304e-01
6.3474250000e+03 2.8980737890e-01
6.3474500000e+03 2.9036094734e-01
6.3474750000e+03 2.9092189276e-01
6.3475000000e+03 2.9149453387e-01
6.3475250000e+03 2.9208285595e-01
6.3475500000e+03 2.9269008122e-01
6.3475750000e+03 2.9331889024e-01
6.3476000000e+03 2.9397118208e-01
6.3476250000e+03 2.9464431206e-01
6.3476500000e+03 2.9532651250e-01
6.3476750000e+03 2.9599874172e-01
6.3477000000e+03 2.9664056384e-01
6.3477250000e+03 2.9723425536e-01
6.3477500000e+03 2.9776599598e-01
6.3477750000e+03 2.9822531511e-01
6.3478000000e+03 2.9860467632e-01
6.3478250000e+03 2.9890008536e-01
6.3478500000e+03 2.9911289404e-01
6.3478750000e+03 2.9925230812e-01
6.3479000000e+03 2.9933716297e-01
6.3479250000e+03 2.9939039735e-01
6.3479500000e+03 2.9942846041e-01
6.3479750000e+03 2.9945880312e-01
6.3480000000e+03 2.9948429817e-01
6.3480250000e+03 2.9950621053e-01
6.3480500000e+03 2.9952513295e-01
6.3480750000e+03 2.9954117383e-01
6.3481000000e+03 2.9955412791e-01
6.3481250000e+03 2.9956394936e-01
6.3481500000e+03 2.9957123333e-01
6.3481750000e+03 2.9957711654e-01
6.3482000000e+03 2.9958262739e-01
6.3482250000e+03 2.9958821318e-01
6.3482500000e+03 2.9959384086e-01
6.3482750000e+03 2.9959934637e-01
6.3483000000e+03 2.9960463227e-01
6.3483250000e+03 2.9960968095e-01
6.3483500000e+03 2.9961451127e-01
6.3483750000e+03 2.9961915272e-01
6.3484000000e+03 2.9962363475e-01
6.3484250000e+03 2.9962798424e-01
6.3484500000e+03 2.9963222632e-01
6.3484750000e+03 2.9963638091e-01
6.3485000000e+03 2.9964046055e-01
6.3485250000e+03 2.9964447044e-01
6.3485500000e+03 2.9964841430e-01
6.3485750000e+03 2.9965230789e-01
6.3486000000e+03 2.9965618964e-01
6.3486250000e+03 2.9966011755e-01
6.3486500000e+03 2.9966415390e-01
6.3486750000e+03 2.9966833194e-01
6.3487000000e+03 2.9967260393e-01
6.3487250000e+03 2.9967682175e-01
6.3487500000e+03 2.9968081258e-01
6.3487750000e+03 2.9968451004e-01
6.3488000000e+03 2.9968799349e-01
6.3488250000e+03 2.9969139963e-01
6.3488500000e+03 2.9969483032e-01
6.3488750000e+03 2.9969833514e-01
6.3489000000e+03 2.9970193548e-01
6.3489250000e+03 2.9970564323e-01
6.3489500000e+03 2.9970947013e-01
6.3489750000e+03 2.9971342871e-01
6.3490000000e+03 2.9971752611e-01
6.3490250000e+03 2.9972174335e-01
6.3490500000e+03 2.9972598165e-01
6.3490750000e+03 2.9972999378e-01
6.3491000000e+03 2.9973340771e-01
6.3491250000e+03 2.9973596432e-01
6.3491500000e+03 2.9973779906e-01
6.3491750000e+03 2.9973937499e-01
6.3492000000e+03 2.9974109191e-01
6.3492250000e+03 2.9974302357e-01
6.3492500000e+03 2.9974504598e-01
6.3492750000e+03 2.9974714601e-01
6.3493000000e+03 2.9974955076e-01
6.3493250000e+03 2.9975260177e-01
6.3493500000e+03 2.9975649818e-01
6.3493750000e+03 2.9976101139e-01
6.3494000000e+03 2.9976535303e-01
6.3494250000e+03 2.9976852464e-01
6.3494500000e+03 2.9977002445e-01
6.3494750000e+03 2.9977013553e-01
6.3495000000e+03 2.9976947988e-01
6.3495250000e+03 2.9976848079e-01
6.3495500000e+03 2.9976729558e-01
6.3495750000e+03 2.9976603534e-01
6.3496000000e+03 2.9976485570e-01
6.3496250000e+03 2.9976387933e-01
6.3496500000e+03 2.9976313848e-01
6.3496750000e+03 2.9976260737e-01
6.3497000000e+03 2.9976225839e-01
6.3497250000e+03 2.9976208965e-01
6.3497500000e+03 2.9976212922e-01
6.3497750000e+03 2.9976242203e-01
6.3498000000e+03 2.9976300177e-01
6.3498250000e+03 2.9976386732e-01
6.3498500000e+03 2.9976499035e-01
6.3498750000e+03 2.9976634213e-01
6.3499000000e+03 2.9976790809e-01
6.3499250000e+03 2.9976968322e-01
6.3499500000e+03 2.9977165966e-01
6.3499750000e+03 2.9977381251e-01
6.3500000000e+03 2.9977609817e-01
6.3500250000e+03 2.9977848508e-01
6.3500500000e+03 2.9978099859e-01
6.3500750000e+03 2.9978372882e-01
6.3501000000e+03 2.9978679066e-01
6.3501250000e+03 2.9979029177e-01
6.3501500000e+03 2.9979433968e-01
6.3501750000e+03 2.9979900247e-01
6.3502000000e+03 2.9980411874e-01
6.3502250000e+03 2.9980910634e-01
6.3502500000e+03 2.9981315013e-01
6.3502750000e+03 2.9981576479e-01
6.3503000000e+03 2.9981710972e-01
6.3503250000e+03 2.9981770352e-01
6.3503500000e+03 2.9981798055e-01
6.3503750000e+03 2.9981815032e-01
6.3504000000e+03 2.9981829623e-01
6.3504250000e+03 2.9981847028e-01
6.3504500000e+03 2.9981872087e-01
6.3504750000e+03 2.9981908464e-01
6.3505000000e+03 2.9981958163e-01
6.3505250000e+03 2.9982021706e-01
6.3505500000e+03 2.9982098709e-01
6.3505750000e+03 2.9982188705e-01
6.3506000000e+03 2.9982291470e-01
6.3506250000e+03 2.9982406879e-01
6.3506500000e+03 2.9982534108e-01
6.3506750000e+03 2.9982671007e-01
6.3507000000e+03 2.9982815081e-01
6.3507250000e+03 2.9982965158e-01
6.3507500000e+03 2.9983122067e-01
6.3507750000e+03 2.9983287843e-01
6.3508000000e+03 2.9983464314e-01
6.3508250000e+03 2.9983652419e-01
6.3508500000e+03 2.9983852375e-01
6.3508750000e+03 2.9984064215e-01
6.3509000000e+03 2.9984287962e-01
6.3509250000e+03 2.9984523994e-01
6.3509500000e+03 2.9984772854e-01
6.3509750000e+03 2.9985034875e-01
6.3510000000e+03 2.9985310429e-01
6.3510250000e+03 2.9985600567e-01
6.3510500000e+03 2.9985907143e-01
6.3510750000e+03 2.9986232621e-01
6.3511000000e+03 2.9986580386e-01
6.3511250000e+03 2.9986955702e-01
6.3511500000e+03 2.9987366268e-01
6.3511750000e+03 2.9987818724e-01
6.3512000000e+03 2.9988306906e-01
6.3512250000e+03 2.9988798169e-01
6.3512500000e+03 2.9989241885e-01
6.3512750000e+03 2.9989605856e-01
6.3513000000e+03 2.9989900459e-01
6.3513250000e+03 2.9990160152e-01
6.3513500000e+03 2.9990405819e-01
6.3513750000e+03 2.9990630760e-01
6.3514000000e+03 2.9990819029e-01
6.3514250000e+03 2.9990968063e-01
6.3514500000e+03 2.9991091483e-01
6.3514750000e+03 2.9991206075e-01
6.3515000000e+03 2.9991322347e-01
6.3515250000e+03 2.9991445004e-01
6.3515500000e+03 2.9991576695e-01
6.3515750000e+03 2.9991720066e-01
6.3516000000e+03 2.9991876803e-01
6.3516250000e+03 2.9992042906e-01
6.3516500000e+03 2.9992204570e-01
6.3516750000e+03 2.9992343190e-01
6.3517000000e+03 2.9992449063e-01
6.3517250000e+03 2.9992527635e-01
6.3517500000e+03 2.9992591480e-01
6.3517750000e+03 2.9992649882e-01
6.3518000000e+03 2.9992705995e-01
6.3518250000e+03 2.9992759738e-01
6.3518500000e+03 2.9992810988e-01
6.3518750000e+03 2.9992860661e-01
6.3519000000e+03 2.9992910263e-01
6.3519250000e+03 2.9992961389e-01
6.3519500000e+03 2.9993015275e-01
6.3519750000e+03 2.9993072721e-01
6.3520000000e+03 2.9993134180e-01
6.3520250000e+03 2.9993200189e-01
6.3520500000e+03 2.9993271578e-01
6.3520750000e+03 2.9993349276e-01
6.3521000000e+03 2.9993432839e-01
6.3521250000e+03 2.9993518110e-01
6.3521500000e+03 2.9993597721e-01
6.3521750000e+03 2.9993665616e-01
6.3522000000e+03 2.9993721570e-01
6.3522250000e+03 2.9993770305e-01
6.3522500000e+03 2.9993816947e-01
6.3522750000e+03 2.9993864368e-01
6.3523000000e+03 2.9993913694e-01
6.3523250000e+03 2.9993965207e-01
6.3523500000e+03 2.9994019035e-01
6.3523750000e+03 2.9994075581e-01
6.3524000000e+03 2.9994135375e-01
6.3524250000e+03 2.9994198223e-01
6.3524500000e+03 2.9994262192e-01
6.3524750000e+03 2.9994323434e-01
6.3525000000e+03 2.9994377449e-01
6.3525250000e+03 2.9994421062e-01
6.3525500000e+03 2.9994453705e-01
6.3525750000e+03 2.9994477308e-01
6.3526000000e+03 2.9994494975e-01
6.3526250000e+03 2.9994509554e-01
6.3526500000e+03 2.9994522960e-01
6.3526750000e+03 2.9994535990e-01
6.3527000000e+03 2.9994548495e-01
6.3527250000e+03 2.9994559625e-01
6.3527500000e+03 2.9994568133e-01
6.3527750000e+03 2.9994572992e-01
6.3528000000e+03 2.9994574147e-01
6.3528250000e+03 2.9994573013e-01
6.3528500000e+03 2.9994571621e-01
6.3528750000e+03 2.9994571392e-01
6.3529000000e+03 2.9994572749e-01
6.3529250000e+03 2.9994575490e-01
6.3529500000e+03 2.9994579385e-01
6.3529750000e+03 2.9994584080e-01
6.3530000000e+03 2.9994589210e-01
6.3530250000e+03 2.9994594348e-01
6.3530500000e+03 2.9994599019e-01
6.3530750000e+03 2.9994602065e-01
6.3531000000e+03 2.9994600489e-01
6.3531250000e+03 2.9994590065e-01
6.3531500000e+03 2.9994568507e-01
6.3531750000e+03 2.9994538328e-01
6.3532000000e+03 2.9994505325e-01
6.3532250000e+03 2.9994474202e-01
6.3532500000e+03 2.9994446624e-01
6.3532750000e+03 2.9994422354e-01
6.3533000000e+03 2.9994400658e-01
6.3533250000e+03 2.9994381022e-01
6.3533500000e+03 2.9994363164e-01
6.3533750000e+03 2.9994346902e-01
6.3534000000e+03 2.9994332135e-01
6.3534250000e+03 2.9994318769e-01
6.3534500000e+03 2.9994306754e-01
6.3534750000e+03 2.9994296014e-01
6.3535000000e+03 2.9994286490e-01
6.3535250000e+03 2.9994278188e-01
6.3535500000e+03 2.9994271063e-01
6.3535750000e+03 2.9994265057e-01
6.3536000000e+03 2.9994260174e-01
6.3536250000e+03 2.9994256435e-01
6.3536500000e+03 2.9994253864e-01
6.3536750000e+03 2.9994252456e-01
6.3537000000e+03 2.9994252165e-01
6.3537250000e+03 2.9994253021e-01
6.3537500000e+03 2.9994255050e-01
6.3537750000e+03 2.9994258297e-01
6.3538000000e+03 2.9994262769e-01
6.3538250000e+03 2.9994268499e-01
6.3538500000e+03 2.9994275604e-01
6.3538750000e+03 2.9994284273e-01
6.3539000000e+03 2.9994294606e-01
6.3539250000e+03 2.9994306379e-01
6.3539500000e+03 2.9994318896e-01
6.3539750000e+03 2.9994330953e-01
6.3540000000e+03 2.9994341437e-01
6.3540250000e+03 2.9994349877e-01
6.3540500000e+03 2.9994356564e-01
6.3540750000e+03 2.9994362294e-01
6.3541000000e+03 2.9994367869e-01
6.3541250000e+03 2.9994373809e-01
6.3541500000e+03 2.9994380454e-01
6.3541750000e+03 2.9994387879e-01
6.3542000000e+03 2.9994396088e-01
6.3542250000e+03 2.9994405200e-01
6.3542500000e+03 2.9994415184e-01
6.3542750000e+03 2.9994426017e-01
6.3543000000e+03 2.9994437729e-01
6.3543250000e+03 2.9994450248e-01
6.3543500000e+03 2.9994463385e-01
6.3543750000e+03 2.9994476483e-01
6.3544000000e+03 2.9994487706e-01
6.3544250000e+03 2.9994494433e-01
6.3544500000e+03 2.9994494644e-01
6.3544750000e+03 2.9994487480e-01
6.3545000000e+03 2.9994471503e-01
6.3545250000e+03 2.9994443109e-01
6.3545500000e+03 2.9994399841e-01
6.3545750000e+03 2.9994345318e-01
6.3546000000e+03 2.9994288154e-01
6.3546250000e+03 2.9994235679e-01
6.3546500000e+03 2.9994190377e-01
6.3546750000e+03 2.9994151671e-01
6.3547000000e+03 2.9994118229e-01
6.3547250000e+03 2.9994089131e-01
6.3547500000e+03 2.9994063762e-01
6.3547750000e+03 2.9994041582e-01
6.3548000000e+03 2.9994022137e-01
6.3548250000e+03 2.9994005021e-01
6.3548500000e+03 2.9993989810e-01
6.3548750000e+03 2.9993975413e-01
6.3549000000e+03 2.9993959325e-01
6.3549250000e+03 2.9993937692e-01
6.3549500000e+03 2.9993906419e-01
6.3549750000e+03 2.9993861778e-01
6.3550000000e+03 2.9993800313e-01
6.3550250000e+03 2.9993719197e-01
6.3550500000e+03 2.9993617319e-01
6.3550750000e+03 2.9993496409e-01
6.3551000000e+03 2.9993361261e-01
6.3551250000e+03 2.9993218783e-01
6.3551500000e+03 2.9993076389e-01
6.3551750000e+03 2.9992940450e-01
6.3552000000e+03 2.9992815033e-01
6.3552250000e+03 2.9992700620e-01
6.3552500000e+03 2.9992593612e-01
6.3552750000e+03 2.9992488312e-01
6.3553000000e+03 2.9992381150e-01
6.3553250000e+03 2.9992272956e-01
6.3553500000e+03 2.9992166848e-01
6.3553750000e+03 2.9992065240e-01
6.3554000000e+03 2.9991968992e-01
6.3554250000e+03 2.9991878100e-01
6.3554500000e+03 2.9991792465e-01
6.3554750000e+03 2.9991712193e-01
6.3555000000e+03 2.9991637358e-01
6.3555250000e+03 2.9991567041e-01
6.3555500000e+03 2.9991500384e-01
6.3555750000e+03 2.9991453459e-01
6.3556000000e+03 2.9991526135e-01
6.3556250000e+03 2.9992029976e-01
6.3556500000e+03 2.9993522222e-01
6.3556750000e+03 2.9996509591e-01
6.3557000000e+03 3.0000960883e-01
6.3557250000e+03 3.0006214013e-01
6.3557500000e+03 3.0011467597e-01
6.3557750000e+03 3.0016283327e-01
6.3558000000e+03 3.0020616893e-01
6.3558250000e+03 3.0024573215e-01
6.3558500000e+03 3.0028248773e-01
6.3558750000e+03 3.0031702449e-01
6.3559000000e+03 3.0034969057e-01
6.3559250000e+03 3.0038070840e-01
6.3559500000e+03 3.0041023164e-01
6.3559750000e+03 3.0043837311e-01
6.3560000000e+03 3.0046521632e-01
6.3560250000e+03 3.0049081920e-01
6.3560500000e+03 3.0051522093e-01
6.3560750000e+03 3.0053845649e-01
6.3561000000e+03 3.0056056613e-01
6.3561250000e+03 3.0058159828e-01
6.3561500000e+03 3.0060160965e-01
6.3561750000e+03 3.0062065847e-01
6.3562000000e+03 3.0063879850e-01
6.3562250000e+03 3.0065607274e-01
6.3562500000e+03 3.0067251197e-01
6.3562750000e+03 3.0068813735e-01
6.3563000000e+03 3.0070296229e-01
6.3563250000e+03 3.0071699657e-01
6.3563500000e+03 3.0073024871e-01
6.3563750000e+03 3.0074272641e-01
6.3564000000e+03 3.0075443515e-01
6.3564250000e+03 3.0076537868e-01
6.3564500000e+03 3.0077555706e-01
6.3564750000e+03 3.0078496914e-01
6.3565000000e+03 3.0079362024e-01
6.3565250000e+03 3.0080151996e-01
6.3565500000e+03 3.0080867184e-01
6.3565750000e+03 3.0081507046e-01
6.3566000000e+03 3.0082071120e-01
6.3566250000e+03 3.0082558617e-01
6.3566500000e+03 3.0082965280e-01
6.3566750000e+03 3.0083283678e-01
6.3567000000e+03 3.0083509607e-01
6.3567250000e+03 3.0083646248e-01
6.3567500000e+03 3.0083700826e-01
6.3567750000e+03 3.0083679039e-01
6.3568000000e+03 3.0083583528e-01
6.3568250000e+03 3.0083415033e-01
6.3568500000e+03 3.0083173687e-01
6.3568750000e+03 3.0082859555e-01
6.3569000000e+03 3.0082472594e-01
6.3569250000e+03 3.0082012686e-01
6.3569500000e+03 3.0081479658e-01
6.3569750000e+03 3.0080873459e-01
6.3570000000e+03 3.0080194268e-01
6.3570250000e+03 3.0079442311e-01
6.3570500000e+03 3.0078617264e-01
6.3570750000e+03 3.0077717621e-01
6.3571000000e+03 3.0076740011e-01
6.3571250000e+03 3.0075678879e-01
6.3571500000e+03 3.0074527012e-01
6.3571750000e+03 3.0073276616e-01
6.3572000000e+03 3.0071920918e-01
6.3572250000e+03 3.0070455816e-01
6.3572500000e+03 3.0068880444e-01
6.3572750000e+03 3.0067196636e-01
6.3573000000e+03 3.0065407494e-01
6.3573250000e+03 3.0063515854e-01
6.3573500000e+03 3.0061523391e-01
6.3573750000e+03 3.0059430377e-01
6.3574000000e+03 3.0057235532e-01
6.3574250000e+03 3.0054936341e-01
6.3574500000e+03 3.0052529370e-01
6.3574750000e+03 3.0050010163e-01
6.3575000000e+03 3.0047373135e-01
6.3575250000e+03 3.0044611230e-01
6.3575500000e+03 3.0041715352e-01
6.3575750000e+03 3.0038673992e-01
6.3576000000e+03 3.0035472297e-01
6.3576250000e+03 3.0032089982e-01
6.3576500000e+03 3.0028495864e-01
6.3576750000e+03 3.0024634274e-01
6.3577000000e+03 3.0020405618e-01
6.3577250000e+03 3.0015682070e-01
6.3577500000e+03 3.0010457885e-01
6.3577750000e+03 3.0005105794e-01
6.3578000000e+03 3.0000405431e-01
6.3578250000e+03 2.9997084900e-01
6.3578500000e+03 2.9995283766e-01
6.3578750000e+03 2.9994560682e-01
6.3579000000e+03 2.9994357075e-01
6.3579250000e+03 2.9994331487e-01
6.3579500000e+03 2.9994354217e-01
6.3579750000e+03 2.9994391746e-01
6.3580000000e+03 2.9994437186e-01
6.3580250000e+03 2.9994488887e-01
6.3580500000e+03 2.9994545919e-01
6.3580750000e+03 2.9994607331e-01
6.3581000000e+03 2.9994672308e-01
6.3581250000e+03 2.9994739930e-01
6.3581500000e+03 2.9994808430e-01
6.3581750000e+03 2.9994874925e-01
6.3582000000e+03 2.9994936249e-01
6.3582250000e+03 2.9994989815e-01
6.3582500000e+03 2.9995034042e-01
6.3582750000e+03 2.9995068607e-01
6.3583000000e+03 2.9995094315e-01
6.3583250000e+03 2.9995112941e-01
6.3583500000e+03 2.9995126744e-01
6.3583750000e+03 2.9995137745e-01
6.3584000000e+03 2.9995147487e-01
6.3584250000e+03 2.9995157042e-01
6.3584500000e+03 2.9995167028e-01
6.3584750000e+03 2.9995177790e-01
6.3585000000e+03 2.9995189590e-01
6.3585250000e+03 2.9995202562e-01
6.3585500000e+03 2.9995216813e-01
6.3585750000e+03 2.9995232040e-01
6.3586000000e+03 2.9995247025e-01
6.3586250000e+03 2.9995260070e-01
6.3586500000e+03 2.9995270010e-01
6.3586750000e+03 2.9995277131e-01
6.3587000000e+03 2.9995282823e-01
6.3587250000e+03 2.9995288419e-01
6.3587500000e+03 2.9995294428e-01
6.3587750000e+03 2.9995300505e-01
6.3588000000e+03 2.9995305657e-01
6.3588250000e+03 2.9995308995e-01
6.3588500000e+03 2.9995310557e-01
6.3588750000e+03 2.9995310910e-01
6.3589000000e+03 2.9995310714e-01
6.3589250000e+03 2.9995310405e-01
6.3589500000e+03 2.9995310161e-01
6.3589750000e+03 2.9995310056e-01
6.3590000000e+03 2.9995310120e-01
6.3590250000e+03 2.9995310361e-01
6.3590500000e+03 2.9995310803e-01
6.3590750000e+03 2.9995311441e-01
6.3591000000e+03 2.9995312274e-01
6.3591250000e+03 2.9995313278e-01
6.3591500000e+03 2.9995314327e-01
6.3591750000e+03 2.9995315091e-01
6.3592000000e+03 2.9995315018e-01
6.3592250000e+03 2.9995313576e-01
6.3592500000e+03 2.9995310731e-01
6.3592750000e+03 2.9995307241e-01
6.3593000000e+03 2.9995303937e-01
6.3593250000e+03 2.9995301228e-01
6.3593500000e+03 2.9995299253e-01
6.3593750000e+03 2.9995297879e-01
6.3594000000e+03 2.9995296991e-01
6.3594250000e+03 2.9995296576e-01
6.3594500000e+03 2.9995296549e-01
6.3594750000e+03 2.9995296785e-01
6.3595000000e+03 2.9995297373e-01
6.3595250000e+03 2.9995298358e-01
6.3595500000e+03 2.9995299653e-01
6.3595750000e+03 2.9995301185e-01
6.3596000000e+03 2.9995302961e-01
6.3596250000e+03 2.9995305007e-01
6.3596500000e+03 2.9995307192e-01
6.3596750000e+03 2.9995309162e-01
6.3597000000e+03 2.9995310150e-01
6.3597250000e+03 2.9995308844e-01
6.3597500000e+03 2.9995303384e-01
6.3597750000e+03 2.9995292304e-01
6.3598000000e+03 2.9995274789e-01
6.3598250000e+03 2.9995247271e-01
6.3598500000e+03 2.9995195711e-01
6.3598750000e+03 2.9995091519e-01
6.3599000000e+03 2.9994905805e-01
6.3599250000e+03 2.9994637871e-01
6.3599500000e+03 2.9994323403e-01
6.3599750000e+03 2.9994007598e-01
6.3600000000e+03 2.9993715903e-01
6.3600250000e+03 2.9993451557e-01
6.3600500000e+03 2.9993209122e-01
6.3600750000e+03 2.9992983652e-01
6.3601000000e+03 2.9992771957e-01
6.3601250000e+03 2.9992572048e-01
6.3601500000e+03 2.9992382677e-01
6.3601750000e+03 2.9992202958e-01
6.3602000000e+03 2.9992032194e-01
6.3602250000e+03 2.9991869889e-01
6.3602500000e+03 2.9991715590e-01
6.3602750000e+03 2.9991568616e-01
6.3603000000e+03 2.9991427991e-01
6.3603250000e+03 2.9991292894e-01
6.3603500000e+03 2.9991162973e-01
6.3603750000e+03 2.9991038375e-01
6.3604000000e+03 2.9990919467e-01
6.3604250000e+03 2.9990806443e-01
6.3604500000e+03 2.9990699272e-01
6.3604750000e+03 2.9990597899e-01
6.3605000000e+03 2.9990502261e-01
6.3605250000e+03 2.9990412211e-01
6.3605500000e+03 2.9990327732e-01
6.3605750000e+03 2.9990248837e-01
6.3606000000e+03 2.9990175444e-01
6.3606250000e+03 2.9990107445e-01
6.3606500000e+03 2.9990044705e-01
6.3606750000e+03 2.9989987063e-01
6.3607000000e+03 2.9989934455e-01
6.3607250000e+03 2.9989886981e-01
6.3607500000e+03 2.9989844676e-01
6.3607750000e+03 2.9989807680e-01
6.3608000000e+03 2.9989776055e-01
6.3608250000e+03 2.9989750021e-01
6.3608500000e+03 2.9989730292e-01
6.3608750000e+03 2.9989719644e-01
6.3609000000e+03 2.9989730822e-01
6.3609250000e+03 2.9989805143e-01
6.3609500000e+03 2.9990031919e-01
6.3609750000e+03 2.9990522933e-01
6.3610000000e+03 2.9991322275e-01
6.3610250000e+03 2.9992340357e-01
6.3610500000e+03 2.9993412112e-01
6.3610750000e+03 2.9994415526e-01
6.3611000000e+03 2.9995316968e-01
6.3611250000e+03 2.9996134314e-01
6.3611500000e+03 2.9996892941e-01
6.3611750000e+03 2.9997610059e-01
6.3612000000e+03 2.9998295208e-01
6.3612250000e+03 2.9998954092e-01
6.3612500000e+03 2.9999592465e-01
6.3612750000e+03 3.0000221925e-01
6.3613000000e+03 3.0000871408e-01
6.3613250000e+03 3.0001593422e-01
6.3613500000e+03 3.0002441585e-01
6.3613750000e+03 3.0003421687e-01
6.3614000000e+03 3.0004474368e-01
6.3614250000e+03 3.0005519415e-01
6.3614500000e+03 3.0006508790e-01
6.3614750000e+03 3.0007435255e-01
6.3615000000e+03 3.0008309284e-01
6.3615250000e+03 3.0009141466e-01
6.3615500000e+03 3.0009938751e-01
6.3615750000e+03 3.0010705384e-01
6.3616000000e+03 3.0011444125e-01
6.3616250000e+03 3.0012157116e-01
6.3616500000e+03 3.0012845914e-01
6.3616750000e+03 3.0013511108e-01
6.3617000000e+03 3.0014152156e-01
6.3617250000e+03 3.0014767776e-01
6.3617500000e+03 3.0015358064e-01
6.3617750000e+03 3.0015925881e-01
6.3618000000e+03 3.0016476072e-01
6.3618250000e+03 3.0017012816e-01
6.3618500000e+03 3.0017538172e-01
6.3618750000e+03 3.0018052339e-01
6.3619000000e+03 3.0018555499e-01
6.3619250000e+03 3.0019050421e-01
6.3619500000e+03 3.0019543076e-01
6.3619750000e+03 3.0020035860e-01
6.3620000000e+03 3.0020512579e-01
6.3620250000e+03 3.0020932300e-01
6.3620500000e+03 3.0021252120e-01
6.3620750000e+03 3.0021460056e-01
6.3621000000e+03 3.0021579172e-01
6.3621250000e+03 3.0021642341e-01
6.3621500000e+03 3.0021671105e-01
6.3621750000e+03 3.0021673963e-01
6.3622000000e+03 3.0021653189e-01
6.3622250000e+03 3.0021609200e-01
6.3622500000e+03 3.0021541960e-01
6.3622750000e+03 3.0021451463e-01
6.3623000000e+03 3.0021337697e-01
6.3623250000e+03 3.0021200673e-01
6.3623500000e+03 3.0021040271e-01
6.3623750000e+03 3.0020856339e-01
6.3624000000e+03 3.0020648773e-01
6.3624250000e+03 3.0020417437e-01
6.3624500000e+03 3.0020162200e-01
6.3624750000e+03 3.0019882857e-01
6.3625000000e+03 3.0019579130e-01
6.3625250000e+03 3.0019250470e-01
6.3625500000e+03 3.0018895027e-01
6.3625750000e+03 3.0018506082e-01
6.3626000000e+03 3.0018065644e-01
6.3626250000e+03 3.0017542914e-01
6.3626500000e+03 3.0016910615e-01
6.3626750000e+03 3.0016171686e-01
6.3627000000e+03 3.0015363329e-01
6.3627250000e+03 3.0014528531e-01
6.3627500000e+03 3.0013689507e-01
6.3627750000e+03 3.0012847447e-01
6.3628000000e+03 3.0011995647e-01
6.3628250000e+03 3.0011127621e-01
6.3628500000e+03 3.0010238542e-01
6.3628750000e+03 3.0009324241e-01
6.3629000000e+03 3.0008380653e-01
6.3629250000e+03 3.0007403145e-01
6.3629500000e+03 3.0006385658e-01
6.3629750000e+03 3.0005319256e-01
6.3630000000e+03 3.0004189224e-01
6.3630250000e+03 3.0002974005e-01
6.3630500000e+03 3.0001658091e-01
6.3630750000e+03 3.0000273947e-01
6.3631000000e+03 2.9998939952e-01
6.3631250000e+03 2.9997818132e-01
6.3631500000e+03 2.9996996722e-01
6.3631750000e+03 2.9996429994e-01
6.3632000000e+03 2.9996001869e-01
6.3632250000e+03 2.9995617337e-01
6.3632500000e+03 2.9995231727e-01
6.3632750000e+03 2.9994832162e-01
6.3633000000e+03 2.9994416342e-01
6.3633250000e+03 2.9993982665e-01
6.3633500000e+03 2.9993526849e-01
6.3633750000e+03 2.9993040620e-01
6.3634000000e+03 2.9992511989e-01
6.3634250000e+03 2.9991935693e-01
6.3634500000e+03 2.9991336826e-01
6.3634750000e+03 2.9990783411e-01
6.3635000000e+03 2.9990351811e-01
6.3635250000e+03 2.9990069634e-01
6.3635500000e+03 2.9989903898e-01
6.3635750000e+03 2.9989801451e-01
6.3636000000e+03 2.9989726503e-01
6.3636250000e+03 2.9989665050e-01
6.3636500000e+03 2.9989613351e-01
6.3636750000e+03 2.9989570459e-01
6.3637000000e+03 2.9989535686e-01
6.3637250000e+03 2.9989507075e-01
6.3637500000e+03 2.9989477092e-01
6.3637750000e+03 2.9989421683e-01
6.3638000000e+03 2.9989289794e-01
6.3638250000e+03 2.9989018887e-01
6.3638500000e+03 2.9988585198e-01
6.3638750000e+03 2.9988037149e-01
6.3639000000e+03 2.9987462409e-01
6.3639250000e+03 2.9986925884e-01
6.3639500000e+03 2.9986446765e-01
6.3639750000e+03 2.9986018234e-01
6.3640000000e+03 2.9985629410e-01
6.3640250000e+03 2.9985272753e-01
6.3640500000e+03 2.9984943732e-01
6.3640750000e+03 2.9984639432e-01
6.3641000000e+03 2.9984357885e-01
6.3641250000e+03 2.9984097630e-01
6.3641500000e+03 2.9983857454e-01
6.3641750000e+03 2.9983636428e-01
6.3642000000e+03 2.9983433821e-01
6.3642250000e+03 2.9983248825e-01
6.3642500000e+03 2.9983079926e-01
6.3642750000e+03 2.9982924690e-01
6.3643000000e+03 2.9982780880e-01
6.3643250000e+03 2.9982648479e-01
6.3643500000e+03 2.9982530063e-01
6.3643750000e+03 2.9982428673e-01
6.3644000000e+03 2.9982345933e-01
6.3644250000e+03 2.9982281864e-01
6.3644500000e+03 2.9982235945e-01
6.3644750000e+03 2.9982207756e-01
6.3645000000e+03 2.9982197342e-01
6.3645250000e+03 2.9982205220e-01
6.3645500000e+03 2.9982232184e-01
6.3645750000e+03 2.9982279173e-01
6.3646000000e+03 2.9982347395e-01
6.3646250000e+03 2.9982438498e-01
6.3646500000e+03 2.9982555351e-01
6.3646750000e+03 2.9982702911e-01
6.3647000000e+03 2.9982887253e-01
6.3647250000e+03 2.9983108608e-01
6.3647500000e+03 2.9983347703e-01
6.3647750000e+03 2.9983562526e-01
6.3648000000e+03 2.9983712045e-01
6.3648250000e+03 2.9983786699e-01
6.3648500000e+03 2.9983809740e-01
6.3648750000e+03 2.9983812079e-01
6.3649000000e+03 2.9983813391e-01
6.3649250000e+03 2.9983821511e-01
6.3649500000e+03 2.9983838696e-01
6.3649750000e+03 2.9983865576e-01
6.3650000000e+03 2.9983902347e-01
6.3650250000e+03 2.9983949072e-01
6.3650500000e+03 2.9984005822e-01
6.3650750000e+03 2.9984072659e-01
6.3651000000e+03 2.9984149625e-01
6.3651250000e+03 2.9984236766e-01
6.3651500000e+03 2.9984334159e-01
6.3651750000e+03 2.9984441806e-01
6.3652000000e+03 2.9984559748e-01
6.3652250000e+03 2.9984687935e-01
6.3652500000e+03 2.9984826358e-01
6.3652750000e+03 2.9984975101e-01
6.3653000000e+03 2.9985134256e-01
6.3653250000e+03 2.9985304046e-01
6.3653500000e+03 2.9985484775e-01
6.3653750000e+03 2.9985676808e-01
6.3654000000e+03 2.9985880562e-01
6.3654250000e+03 2.9986096540e-01
6.3654500000e+03 2.9986325247e-01
6.3654750000e+03 2.9986567244e-01
6.3655000000e+03 2.9986823124e-01
6.3655250000e+03 2.9987093250e-01
6.3655500000e+03 2.9987377660e-01
6.3655750000e+03 2.9987675650e-01
6.3656000000e+03 2.9987985121e-01
6.3656250000e+03 2.9988302681e-01
6.3656500000e+03 2.9988624837e-01
6.3656750000e+03 2.9988949362e-01
6.3657000000e+03 2.9989275891e-01
6.3657250000e+03 2.9989605745e-01
6.3657500000e+03 2.9989941851e-01
6.3657750000e+03 2.9990289058e-01
6.3658000000e+03 2.9990654904e-01
6.3658250000e+03 2.9991052110e-01
6.3658500000e+03 2.9991507861e-01
6.3658750000e+03 2.9992080358e-01
6.3659000000e+03 2.9992854894e-01
6.3659250000e+03 2.9993878504e-01
6.3659500000e+03 2.9995072855e-01
6.3659750000e+03 2.9996250921e-01
6.3660000000e+03 2.9997253827e-01
6.3660250000e+03 2.9998049413e-01
6.3660500000e+03 2.9998696157e-01
6.3660750000e+03 2.9999259119e-01
6.3661000000e+03 2.9999774643e-01
6.3661250000e+03 3.0000257874e-01
6.3661500000e+03 3.0000715202e-01
6.3661750000e+03 3.0001150092e-01
6.3662000000e+03 3.0001564781e-01
6.3662250000e+03 3.0001960558e-01
6.3662500000e+03 3.0002336578e-01
6.3662750000e+03 3.0002686246e-01
6.3663000000e+03 3.0002993348e-01
6.3663250000e+03 3.0003235962e-01
6.3663500000e+03 3.0003403126e-01
6.3663750000e+03 3.0003509537e-01
6.3664000000e+03 3.0003586702e-01
6.3664250000e+03 3.0003658888e-01
6.3664500000e+03 3.0003732796e-01
6.3664750000e+03 3.0003805765e-01
6.3665000000e+03 3.0003875223e-01
6.3665250000e+03 3.0003940593e-01
6.3665500000e+03 3.0004001759e-01
6.3665750000e+03 3.0004058203e-01
6.3666000000e+03 3.0004109134e-01
6.3666250000e+03 3.0004153806e-01
6.3666500000e+03 3.0004191798e-01
6.3666750000e+03 3.0004222948e-01
6.3667000000e+03 3.0004247300e-01
6.3667250000e+03 3.0004264934e-01
6.3667500000e+03 3.0004275801e-01
6.3667750000e+03 3.0004279770e-01
6.3668000000e+03 3.0004276859e-01
6.3668250000e+03 3.0004266940e-01
6.3668500000e+03 3.0004249911e-01
6.3668750000e+03 3.0004225808e-01
6.3669000000e+03 3.0004194569e-01
6.3669250000e+03 3.0004156088e-01
6.3669500000e+03 3.0004110340e-01
6.3669750000e+03 3.0004057288e-01
6.3670000000e+03 3.0003996899e-01
6.3670250000e+03 3.0003929163e-01
6.3670500000e+03 3.0003854047e-01
6.3670750000e+03 3.0003771437e-01
6.3671000000e+03 3.0003681292e-01
6.3671250000e+03 3.0003583576e-01
6.3671500000e+03 3.0003478227e-01
6.3671750000e+03 3.0003365227e-01
6.3672000000e+03 3.0003244555e-01
6.3672250000e+03 3.0003116116e-01
6.3672500000e+03 3.0002979844e-01
6.3672750000e+03 3.0002835680e-01
6.3673000000e+03 3.0002683561e-01
6.3673250000e+03 3.0002523378e-01
6.3673500000e+03 3.0002354983e-01
6.3673750000e+03 3.0002178134e-01
6.3674000000e+03 3.0001992562e-01
6.3674250000e+03 3.0001797705e-01
6.3674500000e+03 3.0001592241e-01
6.3674750000e+03 3.0001372810e-01
6.3675000000e+03 3.0001133348e-01
6.3675250000e+03 3.0000867359e-01
6.3675500000e+03 3.0000573551e-01
6.3675750000e+03 3.0000258457e-01
6.3676000000e+03 2.9999931606e-01
6.3676250000e+03 2.9999598969e-01
6.3676500000e+03 2.9999261520e-01
6.3676750000e+03 2.9998917763e-01
6.3677000000e+03 2.9998565896e-01
6.3677250000e+03 2.9998204254e-01
6.3677500000e+03 2.9997830265e-01
6.3677750000e+03 2.9997439039e-01
6.3678000000e+03 2.9997022256e-01
6.3678250000e+03 2.9996568634e-01
6.3678500000e+03 2.9996067591e-01
6.3678750000e+03 2.9995514063e-01
6.3679000000e+03 2.9994909299e-01
6.3679250000e+03 2.9994255018e-01
6.3679500000e+03 2.9993545052e-01
6.3679750000e+03 2.9992766063e-01
6.3680000000e+03 2.9991919511e-01
6.3680250000e+03 2.9991058322e-01
6.3680500000e+03 2.9990293243e-01
6.3680750000e+03 2.9989731254e-01
6.3681000000e+03 2.9989397329e-01
6.3681250000e+03 2.9989230372e-01
6.3681500000e+03 2.9989149131e-01
6.3681750000e+03 2.9989102276e-01
6.3682000000e+03 2.9989070302e-01
6.3682250000e+03 2.9989049146e-01
6.3682500000e+03 2.9989039099e-01
6.3682750000e+03 2.9989040947e-01
6.3683000000e+03 2.9989055439e-01
6.3683250000e+03 2.9989083815e-01
6.3683500000e+03 2.9989128372e-01
6.3683750000e+03 2.9989193094e-01
6.3684000000e+03 2.9989281438e-01
6.3684250000e+03 2.9989389017e-01
6.3684500000e+03 2.9989495072e-01
6.3684750000e+03 2.9989566742e-01
6.3685000000e+03 2.9989580578e-01
6.3685250000e+03 2.9989539641e-01
6.3685500000e+03 2.9989465228e-01
6.3685750000e+03 2.9989377466e-01
6.3686000000e+03 2.9989286496e-01
6.3686250000e+03 2.9989195419e-01
6.3686500000e+03 2.9989104855e-01
6.3686750000e+03 2.9989015259e-01
6.3687000000e+03 2.9988926958e-01
6.3687250000e+03 2.9988839927e-01
6.3687500000e+03 2.9988753123e-01
6.3687750000e+03 2.9988664008e-01
6.3688000000e+03 2.9988568860e-01
6.3688250000e+03 2.9988465094e-01
6.3688500000e+03 2.9988353995e-01
6.3688750000e+03 2.9988240052e-01
6.3689000000e+03 2.9988127379e-01
6.3689250000e+03 2.9988017487e-01
6.3689500000e+03 2.9987909802e-01
6.3689750000e+03 2.9987803116e-01
6.3690000000e+03 2.9987696388e-01
6.3690250000e+03 2.9987588995e-01
6.3690500000e+03 2.9987480557e-01
6.3690750000e+03 2.9987370823e-01
6.3691000000e+03 2.9987259393e-01
6.3691250000e+03 2.9987145453e-01
6.3691500000e+03 2.9987028176e-01
6.3691750000e+03 2.9986906658e-01
6.3692000000e+03 2.9986780031e-01
6.3692250000e+03 2.9986647382e-01
6.3692500000e+03 2.9986507527e-01
6.3692750000e+03 2.9986359193e-01
6.3693000000e+03 2.9986200969e-01
6.3693250000e+03 2.9986031261e-01
6.3693500000e+03 2.9985848118e-01
6.3693750000e+03 2.9985649260e-01
6.3694000000e+03 2.9985432006e-01
6.3694250000e+03 2.9985193125e-01
6.3694500000e+03 2.9984928789e-01
6.3694750000e+03 2.9984634357e-01
6.3695000000e+03 2.9984304137e-01
6.3695250000e+03 2.9983931194e-01
6.3695500000e+03 2.9983507024e-01
6.3695750000e+03 2.9983020737e-01
6.3696000000e+03 2.9982454760e-01
6.3696250000e+03 2.9981768413e-01
6.3696500000e+03 2.9980862571e-01
6.3696750000e+03 2.9979544499e-01
6.3697000000e+03 2.9977533975e-01
6.3697250000e+03 2.9974450447e-01
6.3697500000e+03 2.9969509974e-01
6.3697750000e+03 2.9961103169e-01
6.3698000000e+03 2.9947175977e-01
6.3698250000e+03 2.9926264812e-01
6.3698500000e+03 2.9897841469e-01
6.3698750000e+03 2.9862056417e-01
6.3699000000e+03 2.9819542341e-01
6.3699250000e+03 2.9771304309e-01
6.3699500000e+03 2.9718721508e-01
6.3699750000e+03 2.9663560009e-01
6.3700000000e+03 2.9607948324e-01
6.3700250000e+03 2.9554056948e-01
6.3700500000e+03 2.9503309059e-01
6.3700750000e+03 2.9455912054e-01
6.3701000000e+03 2.9411405815e-01
6.3701250000e+03 2.9369329787e-01
6.3701500000e+03 2.9329367394e-01
6.3701750000e+03 2.9291311417e-01
6.3702000000e+03 2.9255021429e-01
6.3702250000e+03 2.9220393954e-01
6.3702500000e+03 2.9187343446e-01
6.3702750000e+03 2.9155793084e-01
6.3703000000e+03 2.9125674890e-01
6.3703250000e+03 2.9096933201e-01
6.3703500000e+03 2.9069524954e-01
6.3703750000e+03 2.9043416028e-01
6.3704000000e+03 2.9018577317e-01
6.3704250000e+03 2.8994982952e-01
6.3704500000e+03 2.8972609950e-01
6.3704750000e+03 2.8951437821e-01
6.3705000000e+03 2.8931448444e-01
6.3705250000e+03 2.8912625827e-01
6.3705500000e+03 2.8894955672e-01
6.3705750000e+03 2.8878425418e-01
6.3706000000e+03 2.8863023779e-01
6.3706250000e+03 2.8848740733e-01
6.3706500000e+03 2.8835567513e-01
6.3706750000e+03 2.8823496367e-01
6.3707000000e+03 2.8812520378e-01
6.3707250000e+03 2.8802633202e-01
6.3707500000e+03 2.8793829099e-01
6.3707750000e+03 2.8786102970e-01
6.3708000000e+03 2.8779450737e-01
6.3708250000e+03 2.8773869254e-01
6.3708500000e+03 2.8769355527e-01
6.3708750000e+03 2.8765904932e-01
6.3709000000e+03 2.8763509663e-01
6.3709250000e+03 2.8762159867e-01
6.3709500000e+03 2.8761849417e-01
6.3709750000e+03 2.8762581042e-01
6.3710000000e+03 2.8764364291e-01
6.3710250000e+03 2.8767208724e-01
6.3710500000e+03 2.8771120023e-01
6.3710750000e+03 2.8776100888e-01
6.3711000000e+03 2.8782153216e-01
6.3711250000e+03 2.8789279249e-01
6.3711500000e+03 2.8797482069e-01
6.3711750000e+03 2.8806765696e-01
6.3712000000e+03 2.8817135177e-01
6.3712250000e+03 2.8828596440e-01
6.3712500000e+03 2.8841156125e-01
6.3712750000e+03 2.8854821654e-01
6.3713000000e+03 2.8869601173e-01
6.3713250000e+03 2.8885504002e-01
6.3713500000e+03 2.8902540877e-01
6.3713750000e+03 2.8920723677e-01
6.3714000000e+03 2.8940065715e-01
6.3714250000e+03 2.8960582141e-01
6.3714500000e+03 2.8982290115e-01
6.3714750000e+03 2.9005208957e-01
6.3715000000e+03 2.9029360663e-01
6.3715250000e+03 2.9054770369e-01
6.3715500000e+03 2.9081466924e-01
6.3715750000e+03 2.9109483785e-01
6.3716000000e+03 2.9138859943e-01
6.3716250000e+03 2.9169641406e-01
6.3716500000e+03 2.9201883248e-01
6.3716750000e+03 2.9235652870e-01
6.3717000000e+03 2.9271035097e-01
6.3717250000e+03 2.9308141465e-01
6.3717500000e+03 2.9347120998e-01
6.3717750000e+03 2.9388156600e-01
6.3718000000e+03 2.9431435174e-01
6.3718250000e+03 2.9477134353e-01
6.3718500000e+03 2.9525517697e-01
6.3718750000e+03 2.9576888561e-01
6.3719000000e+03 2.9630940103e-01
6.3719250000e+03 2.9686154884e-01
6.3719500000e+03 2.9740298989e-01
6.3719750000e+03 2.9791245461e-01
6.3720000000e+03 2.9837299186e-01
6.3720250000e+03 2.9877236135e-01
6.3720500000e+03 2.9910214531e-01
6.3720750000e+03 2.9935749977e-01
6.3721000000e+03 2.9953814034e-01
6.3721250000e+03 2.9965076529e-01
6.3721500000e+03 2.9971138291e-01
6.3721750000e+03 2.9974140422e-01
6.3722000000e+03 2.9975764655e-01
6.3722250000e+03 2.9976815926e-01
6.3722500000e+03 2.9977581287e-01
6.3722750000e+03 2.9978163140e-01
6.3723000000e+03 2.9978604945e-01
6.3723250000e+03 2.9978936338e-01
6.3723500000e+03 2.9979188025e-01
6.3723750000e+03 2.9979389993e-01
6.3724000000e+03 2.9979562613e-01
6.3724250000e+03 2.9979714125e-01
6.3724500000e+03 2.9979845955e-01
6.3724750000e+03 2.9979958923e-01
6.3725000000e+03 2.9980055337e-01
6.3725250000e+03 2.9980138205e-01
6.3725500000e+03 2.9980210404e-01
6.3725750000e+03 2.9980274381e-01
6.3726000000e+03 2.9980332237e-01
6.3726250000e+03 2.9980385688e-01
6.3726500000e+03 2.9980436300e-01
6.3726750000e+03 2.9980485277e-01
6.3727000000e+03 2.9980533805e-01
6.3727250000e+03 2.9980582960e-01
6.3727500000e+03 2.9980633587e-01
6.3727750000e+03 2.9980686503e-01
6.3728000000e+03 2.9980742583e-01
6.3728250000e+03 2.9980802639e-01
6.3728500000e+03 2.9980867422e-01
6.3728750000e+03 2.9980937529e-01
6.3729000000e+03 2.9981013391e-01
6.3729250000e+03 2.9981095355e-01
6.3729500000e+03 2.9981184179e-01
6.3729750000e+03 2.9981281566e-01
6.3730000000e+03 2.9981389014e-01
6.3730250000e+03 2.9981504991e-01
6.3730500000e+03 2.9981622569e-01
6.3730750000e+03 2.9981732644e-01
6.3731000000e+03 2.9981831031e-01
6.3731250000e+03 2.9981920774e-01
6.3731500000e+03 2.9982007827e-01
6.3731750000e+03 2.9982096677e-01
6.3732000000e+03 2.9982189807e-01
6.3732250000e+03 2.9982288946e-01
6.3732500000e+03 2.9982395348e-01
6.3732750000e+03 2.9982509749e-01
6.3733000000e+03 2.9982632417e-01
6.3733250000e+03 2.9982763417e-01
6.3733500000e+03 2.9982902784e-01
6.3733750000e+03 2.9983050566e-01
6.3734000000e+03 2.9983206931e-01
6.3734250000e+03 2.9983371935e-01
6.3734500000e+03 2.9983545686e-01
6.3734750000e+03 2.9983728248e-01
6.3735000000e+03 2.9983920334e-01
6.3735250000e+03 2.9984120301e-01
6.3735500000e+03 2.9984337074e-01
6.3735750000e+03 2.9984572178e-01
6.3736000000e+03 2.9984822169e-01
6.3736250000e+03 2.9985087100e-01
6.3736500000e+03 2.9985366661e-01
6.3736750000e+03 2.9985660840e-01
6.3737000000e+03 2.9985969731e-01
6.3737250000e+03 2.9986293537e-01
6.3737500000e+03 2.9986632507e-01
6.3737750000e+03 2.9986986912e-01
6.3738000000e+03 2.9987357298e-01
6.3738250000e+03 2.9987744722e-01
6.3738500000e+03 2.9988150782e-01
6.3738750000e+03 2.9988577414e-01
6.3739000000e+03 2.9989026346e-01
6.3739250000e+03 2.9989498858e-01
6.3739500000e+03 2.9989996545e-01
6.3739750000e+03 2.9990522823e-01
6.3740000000e+03 2.9991085215e-01
6.3740250000e+03 2.9991696019e-01
6.3740500000e+03 2.9992361254e-01
6.3740750000e+03 2.9993054181e-01
6.3741000000e+03 2.9993700394e-01
6.3741250000e+03 2.9994214115e-01
6.3741500000e+03 2.9994562134e-01
6.3741750000e+03 2.9994780692e-01
6.3742000000e+03 2.9994932013e-01
6.3742250000e+03 2.9995060380e-01
6.3742500000e+03 2.9995184567e-01
6.3742750000e+03 2.9995309830e-01
6.3743000000e+03 2.9995437387e-01
6.3743250000e+03 2.9995567877e-01
6.3743500000e+03 2.9995702057e-01
6.3743750000e+03 2.9995840385e-01
6.3744000000e+03 2.9995981565e-01
6.3744250000e+03 2.9996121080e-01
6.3744500000e+03 2.9996252902e-01
6.3744750000e+03 2.9996373784e-01
6.3745000000e+03 2.9996485285e-01
6.3745250000e+03 2.9996591701e-01
6.3745500000e+03 2.9996695351e-01
6.3745750000e+03 2.9996801105e-01
6.3746000000e+03 2.9996801538e-01
6.3746250000e+03 2.9996881870e-01
6.3746500000e+03 2.9996964318e-01
6.3746750000e+03 2.9997046202e-01
6.3747000000e+03 2.9997128236e-01
6.3747250000e+03 2.9997210230e-01
6.3747500000e+03 2.9997292235e-01
6.3747750000e+03 2.9997374237e-01
6.3748000000e+03 2.9997456240e-01
6.3748250000e+03 2.9997538242e-01
6.3748500000e+03 2.9997620245e-01
6.3748750000e+03 2.9997702247e-01
6.3749000000e+03 2.9997784250e-01
6.3749250000e+03 2.9997866252e-01
6.3749500000e+03 2.9997948255e-01
6.3749750000e+03 2.9998030257e-01
6.3750000000e+03 2.9998112260e-01
