# Component: primary
# Region: (6330.0,6375.0)
# KOREL: False
# Parameters: {'rv': 49.9857247022, 'teff': 25000.0, 'vrot': 150.0, 'logg': 4.2, 'lr': 0.7, 'z': 1.0}
6.3300000000e+03 6.9996721036e-01
6.3300250000e+03 6.9996634283e-01
6.3300500000e+03 6.9996547529e-01
6.3300750000e+03 6.9996460775e-01
6.3301000000e+03 6.9996374021e-01
6.3301250000e+03 6.9996287267e-01
6.3301500000e+03 6.9996200513e-01
6.3301750000e+03 6.9996113760e-01
6.3302000000e+03 6.9996027006e-01
6.3302250000e+03 6.9995940252e-01
6.3302500000e+03 6.9995853498e-01
6.3302750000e+03 6.9995766744e-01
6.3303000000e+03 6.9995679990e-01
6.3303250000e+03 6.9995593237e-01
6.3303500000e+03 6.9995506483e-01
6.3303750000e+03 6.9995419729e-01
6.3304000000e+03 6.9995332975e-01
6.3304250000e+03 6.9995246221e-01
6.3304500000e+03 6.9995159467e-01
6.3304750000e+03 6.9995072714e-01
6.3305000000e+03 6.9994985960e-01
6.3305250000e+03 6.9994899206e-01
6.3305500000e+03 6.9994812452e-01
6.3305750000e+03 6.9994725698e-01
6.3306000000e+03 6.9994638944e-01
6.3306250000e+03 6.9994552191e-01
6.3306500000e+03 6.9994465437e-01
6.3306750000e+03 6.9994378683e-01
6.3307000000e+03 6.9994291929e-01
6.3307250000e+03 6.9994205175e-01
6.3307500000e+03 6.9994118421e-01
6.3307750000e+03 6.9994031668e-01
6.3308000000e+03 6.9993944914e-01
6.3308250000e+03 6.9993858160e-01
6.3308500000e+03 6.9993771406e-01
6.3308750000e+03 6.9993684653e-01
6.3309000000e+03 6.9993597894e-01
6.3309250000e+03 6.9993511159e-01
6.3309500000e+03 6.9993424336e-01
6.3309750000e+03 6.9993337840e-01
6.3310000000e+03 6.9993250124e-01
6.3310250000e+03 6.9993166963e-01
6.3310500000e+03 6.9993066795e-01
6.3310750000e+03 6.9993008178e-01
6.3311000000e+03 6.9992933497e-01
6.3311250000e+03 6.9992866541e-01
6.3311500000e+03 6.9992799441e-01
6.3311750000e+03 6.9992734496e-01
6.3312000000e+03 6.9992670967e-01
6.3312250000e+03 6.9992608844e-01
6.3312500000e+03 6.9992547955e-01
6.3312750000e+03 6.9992488190e-01
6.3313000000e+03 6.9992429452e-01
6.3313250000e+03 6.9992371688e-01
6.3313500000e+03 6.9992314857e-01
6.3313750000e+03 6.9992258932e-01
6.3314000000e+03 6.9992203881e-01
6.3314250000e+03 6.9992149669e-01
6.3314500000e+03 6.9992096282e-01
6.3314750000e+03 6.9992043711e-01
6.3315000000e+03 6.9991991945e-01
6.3315250000e+03 6.9991940975e-01
6.3315500000e+03 6.9991890792e-01
6.3315750000e+03 6.9991841389e-01
6.3316000000e+03 6.9991792764e-01
6.3316250000e+03 6.9991744916e-01
6.3316500000e+03 6.9991697815e-01
6.3316750000e+03 6.9991651440e-01
6.3317000000e+03 6.9991605793e-01
6.3317250000e+03 6.9991560882e-01
6.3317500000e+03 6.9991516702e-01
6.3317750000e+03 6.9991473267e-01
6.3318000000e+03 6.9991430544e-01
6.3318250000e+03 6.9991388460e-01
6.3318500000e+03 6.9991347010e-01
6.3318750000e+03 6.9991306217e-01
6.3319000000e+03 6.9991266087e-01
6.3319250000e+03 6.9991226637e-01
6.3319500000e+03 6.9991187918e-01
6.3319750000e+03 6.9991149980e-01
6.3320000000e+03 6.9991112792e-01
6.3320250000e+03 6.9991076235e-01
6.3320500000e+03 6.9991040194e-01
6.3320750000e+03 6.9991004257e-01
6.3321000000e+03 6.9990966742e-01
6.3321250000e+03 6.9990922453e-01
6.3321500000e+03 6.9990857208e-01
6.3321750000e+03 6.9990738446e-01
6.3322000000e+03 6.9990503345e-01
6.3322250000e+03 6.9990051739e-01
6.3322500000e+03 6.9989257481e-01
6.3322750000e+03 6.9988001896e-01
6.3323000000e+03 6.9986217337e-01
6.3323250000e+03 6.9983920352e-01
6.3323500000e+03 6.9981215030e-01
6.3323750000e+03 6.9978265092e-01
6.3324000000e+03 6.9975246930e-01
6.3324250000e+03 6.9972302513e-01
6.3324500000e+03 6.9969513389e-01
6.3324750000e+03 6.9966902948e-01
6.3325000000e+03 6.9964457757e-01
6.3325250000e+03 6.9962150757e-01
6.3325500000e+03 6.9959955633e-01
6.3325750000e+03 6.9957851506e-01
6.3326000000e+03 6.9955821986e-01
6.3326250000e+03 6.9953852784e-01
6.3326500000e+03 6.9951930123e-01
6.3326750000e+03 6.9950041988e-01
6.3327000000e+03 6.9948181999e-01
6.3327250000e+03 6.9946351394e-01
6.3327500000e+03 6.9944555987e-01
6.3327750000e+03 6.9942800917e-01
6.3328000000e+03 6.9941087495e-01
6.3328250000e+03 6.9939413823e-01
6.3328500000e+03 6.9937776909e-01
6.3328750000e+03 6.9936174044e-01
6.3329000000e+03 6.9934603074e-01
6.3329250000e+03 6.9933062251e-01
6.3329500000e+03 6.9931550111e-01
6.3329750000e+03 6.9930065421e-01
6.3330000000e+03 6.9928607118e-01
6.3330250000e+03 6.9927174265e-01
6.3330500000e+03 6.9925766021e-01
6.3330750000e+03 6.9924381632e-01
6.3331000000e+03 6.9923020419e-01
6.3331250000e+03 6.9921681836e-01
6.3331500000e+03 6.9920365371e-01
6.3331750000e+03 6.9919070474e-01
6.3332000000e+03 6.9917796652e-01
6.3332250000e+03 6.9916543474e-01
6.3332500000e+03 6.9915310522e-01
6.3332750000e+03 6.9914097333e-01
6.3333000000e+03 6.9912903555e-01
6.3333250000e+03 6.9911728876e-01
6.3333500000e+03 6.9910573004e-01
6.3333750000e+03 6.9909435657e-01
6.3334000000e+03 6.9908316538e-01
6.3334250000e+03 6.9907215464e-01
6.3334500000e+03 6.9906132524e-01
6.3334750000e+03 6.9905068432e-01
6.3335000000e+03 6.9904024886e-01
6.3335250000e+03 6.9903004584e-01
6.3335500000e+03 6.9902010609e-01
6.3335750000e+03 6.9901044924e-01
6.3336000000e+03 6.9900107025e-01
6.3336250000e+03 6.9899193718e-01
6.3336500000e+03 6.9898300208e-01
6.3336750000e+03 6.9897422168e-01
6.3337000000e+03 6.9896556833e-01
6.3337250000e+03 6.9895703275e-01
6.3337500000e+03 6.9894861836e-01
6.3337750000e+03 6.9894033160e-01
6.3338000000e+03 6.9893217940e-01
6.3338250000e+03 6.9892416616e-01
6.3338500000e+03 6.9891629455e-01
6.3338750000e+03 6.9890856521e-01
6.3339000000e+03 6.9890097841e-01
6.3339250000e+03 6.9889353448e-01
6.3339500000e+03 6.9888623352e-01
6.3339750000e+03 6.9887907571e-01
6.3340000000e+03 6.9887206029e-01
6.3340250000e+03 6.9886518664e-01
6.3340500000e+03 6.9885845419e-01
6.3340750000e+03 6.9885186196e-01
6.3341000000e+03 6.9884540822e-01
6.3341250000e+03 6.9883908900e-01
6.3341500000e+03 6.9883289866e-01
6.3341750000e+03 6.9882683041e-01
6.3342000000e+03 6.9882087536e-01
6.3342250000e+03 6.9881502585e-01
6.3342500000e+03 6.9880926329e-01
6.3342750000e+03 6.9880357858e-01
6.3343000000e+03 6.9879797310e-01
6.3343250000e+03 6.9879245335e-01
6.3343500000e+03 6.9878702980e-01
6.3343750000e+03 6.9878171668e-01
6.3344000000e+03 6.9877652869e-01
6.3344250000e+03 6.9877147824e-01
6.3344500000e+03 6.9876657417e-01
6.3344750000e+03 6.9876182097e-01
6.3345000000e+03 6.9875722016e-01
6.3345250000e+03 6.9875277117e-01
6.3345500000e+03 6.9874847318e-01
6.3345750000e+03 6.9874432496e-01
6.3346000000e+03 6.9874032454e-01
6.3346250000e+03 6.9873647080e-01
6.3346500000e+03 6.9873276253e-01
6.3346750000e+03 6.9872919847e-01
6.3347000000e+03 6.9872577821e-01
6.3347250000e+03 6.9872250280e-01
6.3347500000e+03 6.9871937289e-01
6.3347750000e+03 6.9871638909e-01
6.3348000000e+03 6.9871355237e-01
6.3348250000e+03 6.9871086360e-01
6.3348500000e+03 6.9870832451e-01
6.3348750000e+03 6.9870593686e-01
6.3349000000e+03 6.9870370068e-01
6.3349250000e+03 6.9870160865e-01
6.3349500000e+03 6.9869964347e-01
6.3349750000e+03 6.9869778099e-01
6.3350000000e+03 6.9869600416e-01
6.3350250000e+03 6.9869431075e-01
6.3350500000e+03 6.9869270532e-01
6.3350750000e+03 6.9869118050e-01
6.3351000000e+03 6.9868971580e-01
6.3351250000e+03 6.9868828768e-01
6.3351500000e+03 6.9868688009e-01
6.3351750000e+03 6.9868549254e-01
6.3352000000e+03 6.9868413906e-01
6.3352250000e+03 6.9868284241e-01
6.3352500000e+03 6.9868162900e-01
6.3352750000e+03 6.9868051940e-01
6.3353000000e+03 6.9867952699e-01
6.3353250000e+03 6.9867865975e-01
6.3353500000e+03 6.9867792100e-01
6.3353750000e+03 6.9867731213e-01
6.3354000000e+03 6.9867683349e-01
6.3354250000e+03 6.9867648491e-01
6.3354500000e+03 6.9867626618e-01
6.3354750000e+03 6.9867617692e-01
6.3355000000e+03 6.9867621707e-01
6.3355250000e+03 6.9867638660e-01
6.3355500000e+03 6.9867668559e-01
6.3355750000e+03 6.9867711390e-01
6.3356000000e+03 6.9867767151e-01
6.3356250000e+03 6.9867835856e-01
6.3356500000e+03 6.9867917515e-01
6.3356750000e+03 6.9868012147e-01
6.3357000000e+03 6.9868119778e-01
6.3357250000e+03 6.9868240429e-01
6.3357500000e+03 6.9868374134e-01
6.3357750000e+03 6.9868520928e-01
6.3358000000e+03 6.9868680852e-01
6.3358250000e+03 6.9868853929e-01
6.3358500000e+03 6.9869040229e-01
6.3358750000e+03 6.9869239797e-01
6.3359000000e+03 6.9869452527e-01
6.3359250000e+03 6.9869678242e-01
6.3359500000e+03 6.9869916610e-01
6.3359750000e+03 6.9870167267e-01
6.3360000000e+03 6.9870430273e-01
6.3360250000e+03 6.9870706437e-01
6.3360500000e+03 6.9870997164e-01
6.3360750000e+03 6.9871303924e-01
6.3361000000e+03 6.9871627831e-01
6.3361250000e+03 6.9871969018e-01
6.3361500000e+03 6.9872325199e-01
6.3361750000e+03 6.9872691034e-01
6.3362000000e+03 6.9873060706e-01
6.3362250000e+03 6.9873431568e-01
6.3362500000e+03 6.9873805335e-01
6.3362750000e+03 6.9874186166e-01
6.3363000000e+03 6.9874577995e-01
6.3363250000e+03 6.9874983043e-01
6.3363500000e+03 6.9875402174e-01
6.3363750000e+03 6.9875835222e-01
6.3364000000e+03 6.9876280830e-01
6.3364250000e+03 6.9876736645e-01
6.3364500000e+03 6.9877200733e-01
6.3364750000e+03 6.9877672924e-01
6.3365000000e+03 6.9878154521e-01
6.3365250000e+03 6.9878647159e-01
6.3365500000e+03 6.9879152120e-01
6.3365750000e+03 6.9879669990e-01
6.3366000000e+03 6.9880200883e-01
6.3366250000e+03 6.9880744799e-01
6.3366500000e+03 6.9881301746e-01
6.3366750000e+03 6.9881871814e-01
6.3367000000e+03 6.9882455059e-01
6.3367250000e+03 6.9883051617e-01
6.3367500000e+03 6.9883661604e-01
6.3367750000e+03 6.9884285060e-01
6.3368000000e+03 6.9884922071e-01
6.3368250000e+03 6.9885572739e-01
6.3368500000e+03 6.9886237011e-01
6.3368750000e+03 6.9886914792e-01
6.3369000000e+03 6.9887606077e-01
6.3369250000e+03 6.9888310931e-01
6.3369500000e+03 6.9889029566e-01
6.3369750000e+03 6.9889762129e-01
6.3370000000e+03 6.9890508672e-01
6.3370250000e+03 6.9891269371e-01
6.3370500000e+03 6.9892044374e-01
6.3370750000e+03 6.9892833776e-01
6.3371000000e+03 6.9893637742e-01
6.3371250000e+03 6.9894456360e-01
6.3371500000e+03 6.9895289618e-01
6.3371750000e+03 6.9896137709e-01
6.3372000000e+03 6.9897000805e-01
6.3372250000e+03 6.9897879071e-01
6.3372500000e+03 6.9898772800e-01
6.3372750000e+03 6.9899682362e-01
6.3373000000e+03 6.9900607962e-01
6.3373250000e+03 6.9901549339e-01
6.3373500000e+03 6.9902505630e-01
6.3373750000e+03 6.9903475535e-01
6.3374000000e+03 6.9904457991e-01
6.3374250000e+03 6.9905452781e-01
6.3374500000e+03 6.9906460529e-01
6.3374750000e+03 6.9907482332e-01
6.3375000000e+03 6.9908519248e-01
6.3375250000e+03 6.9909572044e-01
6.3375500000e+03 6.9910641135e-01
6.3375750000e+03 6.9911726812e-01
6.3376000000e+03 6.9912829423e-01
6.3376250000e+03 6.9913949270e-01
6.3376500000e+03 6.9915086495e-01
6.3376750000e+03 6.9916241130e-01
6.3377000000e+03 6.9917413264e-01
6.3377250000e+03 6.9918602936e-01
6.3377500000e+03 6.9919810274e-01
6.3377750000e+03 6.9921035689e-01
6.3378000000e+03 6.9922279796e-01
6.3378250000e+03 6.9923543368e-01
6.3378500000e+03 6.9924826992e-01
6.3378750000e+03 6.9926130987e-01
6.3379000000e+03 6.9927455631e-01
6.3379250000e+03 6.9928801155e-01
6.3379500000e+03 6.9930167778e-01
6.3379750000e+03 6.9931556021e-01
6.3380000000e+03 6.9932966579e-01
6.3380250000e+03 6.9934400367e-01
6.3380500000e+03 6.9935858562e-01
6.3380750000e+03 6.9937342459e-01
6.3381000000e+03 6.9938853314e-01
6.3381250000e+03 6.9940392417e-01
6.3381500000e+03 6.9941960872e-01
6.3381750000e+03 6.9943559576e-01
6.3382000000e+03 6.9945189194e-01
6.3382250000e+03 6.9946849549e-01
6.3382500000e+03 6.9948538516e-01
6.3382750000e+03 6.9950250296e-01
6.3383000000e+03 6.9951973099e-01
6.3383250000e+03 6.9953686816e-01
6.3383500000e+03 6.9955362281e-01
6.3383750000e+03 6.9956964117e-01
6.3384000000e+03 6.9958458169e-01
6.3384250000e+03 6.9959823122e-01
6.3384500000e+03 6.9961061724e-01
6.3384750000e+03 6.9962207416e-01
6.3385000000e+03 6.9963323243e-01
6.3385250000e+03 6.9964489319e-01
6.3385500000e+03 6.9965777300e-01
6.3385750000e+03 6.9967215265e-01
6.3386000000e+03 6.9968757490e-01
6.3386250000e+03 6.9970280962e-01
6.3386500000e+03 6.9971614186e-01
6.3386750000e+03 6.9972589212e-01
6.3387000000e+03 6.9973095022e-01
6.3387250000e+03 6.9973109617e-01
6.3387500000e+03 6.9972699721e-01
6.3387750000e+03 6.9971987083e-01
6.3388000000e+03 6.9971099642e-01
6.3388250000e+03 6.9970135402e-01
6.3388500000e+03 6.9969152169e-01
6.3388750000e+03 6.9968177073e-01
6.3389000000e+03 6.9967221240e-01
6.3389250000e+03 6.9966289834e-01
6.3389500000e+03 6.9965385531e-01
6.3389750000e+03 6.9964508221e-01
6.3390000000e+03 6.9963653620e-01
6.3390250000e+03 6.9962812820e-01
6.3390500000e+03 6.9961975389e-01
6.3390750000e+03 6.9961134824e-01
6.3391000000e+03 6.9960291159e-01
6.3391250000e+03 6.9959449001e-01
6.3391500000e+03 6.9958613757e-01
6.3391750000e+03 6.9957789146e-01
6.3392000000e+03 6.9956976976e-01
6.3392250000e+03 6.9956177880e-01
6.3392500000e+03 6.9955391850e-01
6.3392750000e+03 6.9954618604e-01
6.3393000000e+03 6.9953857714e-01
6.3393250000e+03 6.9953108731e-01
6.3393500000e+03 6.9952371309e-01
6.3393750000e+03 6.9951645127e-01
6.3394000000e+03 6.9950929906e-01
6.3394250000e+03 6.9950225441e-01
6.3394500000e+03 6.9949531493e-01
6.3394750000e+03 6.9948847797e-01
6.3395000000e+03 6.9948174117e-01
6.3395250000e+03 6.9947509986e-01
6.3395500000e+03 6.9946853889e-01
6.3395750000e+03 6.9946202025e-01
6.3396000000e+03 6.9945547384e-01
6.3396250000e+03 6.9944881680e-01
6.3396500000e+03 6.9944201038e-01
6.3396750000e+03 6.9943510313e-01
6.3397000000e+03 6.9942820488e-01
6.3397250000e+03 6.9942141470e-01
6.3397500000e+03 6.9941477500e-01
6.3397750000e+03 6.9940827987e-01
6.3398000000e+03 6.9940190451e-01
6.3398250000e+03 6.9939562559e-01
6.3398500000e+03 6.9938943063e-01
6.3398750000e+03 6.9938332368e-01
6.3399000000e+03 6.9937732901e-01
6.3399250000e+03 6.9937148599e-01
6.3399500000e+03 6.9936583280e-01
6.3399750000e+03 6.9936039005e-01
6.3400000000e+03 6.9935515301e-01
6.3400250000e+03 6.9935009715e-01
6.3400500000e+03 6.9934519005e-01
6.3400750000e+03 6.9934040309e-01
6.3401000000e+03 6.9933571987e-01
6.3401250000e+03 6.9933113240e-01
6.3401500000e+03 6.9932663771e-01
6.3401750000e+03 6.9932223631e-01
6.3402000000e+03 6.9931792920e-01
6.3402250000e+03 6.9931371740e-01
6.3402500000e+03 6.9930960069e-01
6.3402750000e+03 6.9930557785e-01
6.3403000000e+03 6.9930164809e-01
6.3403250000e+03 6.9929781123e-01
6.3403500000e+03 6.9929406736e-01
6.3403750000e+03 6.9929041729e-01
6.3404000000e+03 6.9928686174e-01
6.3404250000e+03 6.9928340127e-01
6.3404500000e+03 6.9928003791e-01
6.3404750000e+03 6.9927677335e-01
6.3405000000e+03 6.9927360750e-01
6.3405250000e+03 6.9927053864e-01
6.3405500000e+03 6.9926756291e-01
6.3405750000e+03 6.9926467125e-01
6.3406000000e+03 6.9926184933e-01
6.3406250000e+03 6.9925908128e-01
6.3406500000e+03 6.9925635243e-01
6.3406750000e+03 6.9925365205e-01
6.3407000000e+03 6.9925097416e-01
6.3407250000e+03 6.9924831827e-01
6.3407500000e+03 6.9924568979e-01
6.3407750000e+03 6.9924309784e-01
6.3408000000e+03 6.9924055232e-01
6.3408250000e+03 6.9923806223e-01
6.3408500000e+03 6.9923563525e-01
6.3408750000e+03 6.9923327670e-01
6.3409000000e+03 6.9923099022e-01
6.3409250000e+03 6.9922877866e-01
6.3409500000e+03 6.9922664351e-01
6.3409750000e+03 6.9922458495e-01
6.3410000000e+03 6.9922260376e-01
6.3410250000e+03 6.9922070061e-01
6.3410500000e+03 6.9921887536e-01
6.3410750000e+03 6.9921712851e-01
6.3411000000e+03 6.9921546135e-01
6.3411250000e+03 6.9921387423e-01
6.3411500000e+03 6.9921236731e-01
6.3411750000e+03 6.9921094215e-01
6.3412000000e+03 6.9920960157e-01
6.3412250000e+03 6.9920834966e-01
6.3412500000e+03 6.9920719233e-01
6.3412750000e+03 6.9920613417e-01
6.3413000000e+03 6.9920517009e-01
6.3413250000e+03 6.9920427667e-01
6.3413500000e+03 6.9920341506e-01
6.3413750000e+03 6.9920255283e-01
6.3414000000e+03 6.9920168430e-01
6.3414250000e+03 6.9920082841e-01
6.3414500000e+03 6.9920001223e-01
6.3414750000e+03 6.9919925552e-01
6.3415000000e+03 6.9919856714e-01
6.3415250000e+03 6.9919795003e-01
6.3415500000e+03 6.9919740466e-01
6.3415750000e+03 6.9919693032e-01
6.3416000000e+03 6.9919652753e-01
6.3416250000e+03 6.9919619645e-01
6.3416500000e+03 6.9919593637e-01
6.3416750000e+03 6.9919574761e-01
6.3417000000e+03 6.9919563057e-01
6.3417250000e+03 6.9919558535e-01
6.3417500000e+03 6.9919561205e-01
6.3417750000e+03 6.9919571081e-01
6.3418000000e+03 6.9919588106e-01
6.3418250000e+03 6.9919612222e-01
6.3418500000e+03 6.9919643465e-01
6.3418750000e+03 6.9919681873e-01
6.3419000000e+03 6.9919727456e-01
6.3419250000e+03 6.9919780242e-01
6.3419500000e+03 6.9919840221e-01
6.3419750000e+03 6.9919907332e-01
6.3420000000e+03 6.9919981570e-01
6.3420250000e+03 6.9920062957e-01
6.3420500000e+03 6.9920151561e-01
6.3420750000e+03 6.9920247380e-01
6.3421000000e+03 6.9920350374e-01
6.3421250000e+03 6.9920460575e-01
6.3421500000e+03 6.9920578054e-01
6.3421750000e+03 6.9920702883e-01
6.3422000000e+03 6.9920835091e-01
6.3422250000e+03 6.9920974765e-01
6.3422500000e+03 6.9921122027e-01
6.3422750000e+03 6.9921276913e-01
6.3423000000e+03 6.9921439191e-01
6.3423250000e+03 6.9921608223e-01
6.3423500000e+03 6.9921783257e-01
6.3423750000e+03 6.9921963812e-01
6.3424000000e+03 6.9922149874e-01
6.3424250000e+03 6.9922341902e-01
6.3424500000e+03 6.9922540489e-01
6.3424750000e+03 6.9922745991e-01
6.3425000000e+03 6.9922958529e-01
6.3425250000e+03 6.9923178199e-01
6.3425500000e+03 6.9923405014e-01
6.3425750000e+03 6.9923638952e-01
6.3426000000e+03 6.9923880008e-01
6.3426250000e+03 6.9924128157e-01
6.3426500000e+03 6.9924383455e-01
6.3426750000e+03 6.9924645887e-01
6.3427000000e+03 6.9924915450e-01
6.3427250000e+03 6.9925192151e-01
6.3427500000e+03 6.9925475989e-01
6.3427750000e+03 6.9925766965e-01
6.3428000000e+03 6.9926065044e-01
6.3428250000e+03 6.9926370179e-01
6.3428500000e+03 6.9926682174e-01
6.3428750000e+03 6.9927000832e-01
6.3429000000e+03 6.9927326033e-01
6.3429250000e+03 6.9927657826e-01
6.3429500000e+03 6.9927996437e-01
6.3429750000e+03 6.9928341894e-01
6.3430000000e+03 6.9928693551e-01
6.3430250000e+03 6.9929049628e-01
6.3430500000e+03 6.9929407233e-01
6.3430750000e+03 6.9929763659e-01
6.3431000000e+03 6.9930118404e-01
6.3431250000e+03 6.9930474049e-01
6.3431500000e+03 6.9930834902e-01
6.3431750000e+03 6.9931204489e-01
6.3432000000e+03 6.9931584184e-01
6.3432250000e+03 6.9931973474e-01
6.3432500000e+03 6.9932370727e-01
6.3432750000e+03 6.9932773601e-01
6.3433000000e+03 6.9933179757e-01
6.3433250000e+03 6.9933588385e-01
6.3433500000e+03 6.9934000848e-01
6.3433750000e+03 6.9934419735e-01
6.3434000000e+03 6.9934847302e-01
6.3434250000e+03 6.9935284337e-01
6.3434500000e+03 6.9935730510e-01
6.3434750000e+03 6.9936185169e-01
6.3435000000e+03 6.9936647675e-01
6.3435250000e+03 6.9937117608e-01
6.3435500000e+03 6.9937594756e-01
6.3435750000e+03 6.9938079115e-01
6.3436000000e+03 6.9938570789e-01
6.3436250000e+03 6.9939069934e-01
6.3436500000e+03 6.9939576647e-01
6.3436750000e+03 6.9940090918e-01
6.3437000000e+03 6.9940612701e-01
6.3437250000e+03 6.9941141838e-01
6.3437500000e+03 6.9941678010e-01
6.3437750000e+03 6.9942220786e-01
6.3438000000e+03 6.9942769761e-01
6.3438250000e+03 6.9943324831e-01
6.3438500000e+03 6.9943886367e-01
6.3438750000e+03 6.9944455061e-01
6.3439000000e+03 6.9945031294e-01
6.3439250000e+03 6.9945614997e-01
6.3439500000e+03 6.9946205931e-01
6.3439750000e+03 6.9946803840e-01
6.3440000000e+03 6.9947408479e-01
6.3440250000e+03 6.9948019443e-01
6.3440500000e+03 6.9948636236e-01
6.3440750000e+03 6.9949258199e-01
6.3441000000e+03 6.9949884359e-01
6.3441250000e+03 6.9950513788e-01
6.3441500000e+03 6.9951145562e-01
6.3441750000e+03 6.9951778922e-01
6.3442000000e+03 6.9952413104e-01
6.3442250000e+03 6.9953046916e-01
6.3442500000e+03 6.9953678753e-01
6.3442750000e+03 6.9954306488e-01
6.3443000000e+03 6.9954927080e-01
6.3443250000e+03 6.9955536748e-01
6.3443500000e+03 6.9956130706e-01
6.3443750000e+03 6.9956703109e-01
6.3444000000e+03 6.9957245162e-01
6.3444250000e+03 6.9957745080e-01
6.3444500000e+03 6.9958187393e-01
6.3444750000e+03 6.9958543094e-01
6.3445000000e+03 6.9958765930e-01
6.3445250000e+03 6.9958800378e-01
6.3445500000e+03 6.9958593031e-01
6.3445750000e+03 6.9958103233e-01
6.3446000000e+03 6.9957309400e-01
6.3446250000e+03 6.9956220041e-01
6.3446500000e+03 6.9954872461e-01
6.3446750000e+03 6.9953322751e-01
6.3447000000e+03 6.9951625973e-01
6.3447250000e+03 6.9949806736e-01
6.3447500000e+03 6.9947848665e-01
6.3447750000e+03 6.9945700065e-01
6.3448000000e+03 6.9943285703e-01
6.3448250000e+03 6.9940523054e-01
6.3448500000e+03 6.9937335773e-01
6.3448750000e+03 6.9933645009e-01
6.3449000000e+03 6.9929355284e-01
6.3449250000e+03 6.9924378556e-01
6.3449500000e+03 6.9918682301e-01
6.3449750000e+03 6.9912305252e-01
6.3450000000e+03 6.9905330599e-01
6.3450250000e+03 6.9897863472e-01
6.3450500000e+03 6.9890037644e-01
6.3450750000e+03 6.9882036198e-01
6.3451000000e+03 6.9874080402e-01
6.3451250000e+03 6.9866358303e-01
6.3451500000e+03 6.9858958453e-01
6.3451750000e+03 6.9851878459e-01
6.3452000000e+03 6.9845075963e-01
6.3452250000e+03 6.9838505355e-01
6.3452500000e+03 6.9832130450e-01
6.3452750000e+03 6.9825925535e-01
6.3453000000e+03 6.9819873052e-01
6.3453250000e+03 6.9813960726e-01
6.3453500000e+03 6.9808179441e-01
6.3453750000e+03 6.9802522612e-01
6.3454000000e+03 6.9796985190e-01
6.3454250000e+03 6.9791562197e-01
6.3454500000e+03 6.9786247228e-01
6.3454750000e+03 6.9781032334e-01
6.3455000000e+03 6.9775909825e-01
6.3455250000e+03 6.9770874295e-01
6.3455500000e+03 6.9765922479e-01
6.3455750000e+03 6.9761052287e-01
6.3456000000e+03 6.9756262006e-01
6.3456250000e+03 6.9751549982e-01
6.3456500000e+03 6.9746914490e-01
6.3456750000e+03 6.9742353812e-01
6.3457000000e+03 6.9737866391e-01
6.3457250000e+03 6.9733450780e-01
6.3457500000e+03 6.9729105645e-01
6.3457750000e+03 6.9724829917e-01
6.3458000000e+03 6.9720622692e-01
6.3458250000e+03 6.9716483293e-01
6.3458500000e+03 6.9712411225e-01
6.3458750000e+03 6.9708406460e-01
6.3459000000e+03 6.9704469135e-01
6.3459250000e+03 6.9700598397e-01
6.3459500000e+03 6.9696790322e-01
6.3459750000e+03 6.9693036128e-01
6.3460000000e+03 6.9689324297e-01
6.3460250000e+03 6.9685646582e-01
6.3460500000e+03 6.9682002839e-01
6.3460750000e+03 6.9678399691e-01
6.3461000000e+03 6.9674844865e-01
6.3461250000e+03 6.9671343209e-01
6.3461500000e+03 6.9667896414e-01
6.3461750000e+03 6.9664504553e-01
6.3462000000e+03 6.9661167267e-01
6.3462250000e+03 6.9657884070e-01
6.3462500000e+03 6.9654654459e-01
6.3462750000e+03 6.9651477802e-01
6.3463000000e+03 6.9648353389e-01
6.3463250000e+03 6.9645280461e-01
6.3463500000e+03 6.9642258366e-01
6.3463750000e+03 6.9639286703e-01
6.3464000000e+03 6.9636365280e-01
6.3464250000e+03 6.9633493845e-01
6.3464500000e+03 6.9630672218e-01
6.3464750000e+03 6.9627900230e-01
6.3465000000e+03 6.9625177559e-01
6.3465250000e+03 6.9622503832e-01
6.3465500000e+03 6.9619878397e-01
6.3465750000e+03 6.9617299743e-01
6.3466000000e+03 6.9614764881e-01
6.3466250000e+03 6.9612269557e-01
6.3466500000e+03 6.9609810626e-01
6.3466750000e+03 6.9607388817e-01
6.3467000000e+03 6.9605008763e-01
6.3467250000e+03 6.9602675963e-01
6.3467500000e+03 6.9600393672e-01
6.3467750000e+03 6.9598162353e-01
6.3468000000e+03 6.9595981098e-01
6.3468250000e+03 6.9593848852e-01
6.3468500000e+03 6.9591764852e-01
6.3468750000e+03 6.9589728551e-01
6.3469000000e+03 6.9587739553e-01
6.3469250000e+03 6.9585797569e-01
6.3469500000e+03 6.9583902348e-01
6.3469750000e+03 6.9582053665e-01
6.3470000000e+03 6.9580251241e-01
6.3470250000e+03 6.9578494878e-01
6.3470500000e+03 6.9576784511e-01
6.3470750000e+03 6.9575119977e-01
6.3471000000e+03 6.9573501084e-01
6.3471250000e+03 6.9571927778e-01
6.3471500000e+03 6.9570399933e-01
6.3471750000e+03 6.9568917315e-01
6.3472000000e+03 6.9567479739e-01
6.3472250000e+03 6.9566087141e-01
6.3472500000e+03 6.9564739490e-01
6.3472750000e+03 6.9563436655e-01
6.3473000000e+03 6.9562178504e-01
6.3473250000e+03 6.9560964874e-01
6.3473500000e+03 6.9559795548e-01
6.3473750000e+03 6.9558669791e-01
6.3474000000e+03 6.9557585289e-01
6.3474250000e+03 6.9556537082e-01
6.3474500000e+03 6.9555517985e-01
6.3474750000e+03 6.9554522347e-01
6.3475000000e+03 6.9553550946e-01
6.3475250000e+03 6.9552611921e-01
6.3475500000e+03 6.9551715557e-01
6.3475750000e+03 6.9550868504e-01
6.3476000000e+03 6.9550072451e-01
6.3476250000e+03 6.9549326330e-01
6.3476500000e+03 6.9548628538e-01
6.3476750000e+03 6.9547977898e-01
6.3477000000e+03 6.9547373663e-01
6.3477250000e+03 6.9546815291e-01
6.3477500000e+03 6.9546302520e-01
6.3477750000e+03 6.9545835098e-01
6.3478000000e+03 6.9545412698e-01
6.3478250000e+03 6.9545035132e-01
6.3478500000e+03 6.9544702296e-01
6.3478750000e+03 6.9544414029e-01
6.3479000000e+03 6.9544170272e-01
6.3479250000e+03 6.9543971047e-01
6.3479500000e+03 6.9543816276e-01
6.3479750000e+03 6.9543705922e-01
6.3480000000e+03 6.9543639863e-01
6.3480250000e+03 6.9543617988e-01
6.3480500000e+03 6.9543640267e-01
6.3480750000e+03 6.9543706682e-01
6.3481000000e+03 6.9543817289e-01
6.3481250000e+03 6.9543972127e-01
6.3481500000e+03 6.9544171171e-01
6.3481750000e+03 6.9544414324e-01
6.3482000000e+03 6.9544701536e-01
6.3482250000e+03 6.9545032826e-01
6.3482500000e+03 6.9545408209e-01
6.3482750000e+03 6.9545827676e-01
6.3483000000e+03 6.9546291122e-01
6.3483250000e+03 6.9546798330e-01
6.3483500000e+03 6.9547349004e-01
6.3483750000e+03 6.9547942823e-01
6.3484000000e+03 6.9548579387e-01
6.3484250000e+03 6.9549257792e-01
6.3484500000e+03 6.9549976228e-01
6.3484750000e+03 6.9550732932e-01
6.3485000000e+03 6.9551527843e-01
6.3485250000e+03 6.9552362934e-01
6.3485500000e+03 6.9553240727e-01
6.3485750000e+03 6.9554162295e-01
6.3486000000e+03 6.9555127105e-01
6.3486250000e+03 6.9556134587e-01
6.3486500000e+03 6.9557185134e-01
6.3486750000e+03 6.9558279957e-01
6.3487000000e+03 6.9559420239e-01
6.3487250000e+03 6.9560606696e-01
6.3487500000e+03 6.9561839491e-01
6.3487750000e+03 6.9563118440e-01
6.3488000000e+03 6.9564443362e-01
6.3488250000e+03 6.9565813776e-01
6.3488500000e+03 6.9567228497e-01
6.3488750000e+03 6.9568685818e-01
6.3489000000e+03 6.9570184598e-01
6.3489250000e+03 6.9571725399e-01
6.3489500000e+03 6.9573310267e-01
6.3489750000e+03 6.9574941499e-01
6.3490000000e+03 6.9576620667e-01
6.3490250000e+03 6.9578348287e-01
6.3490500000e+03 6.9580124073e-01
6.3490750000e+03 6.9581947833e-01
6.3491000000e+03 6.9583819563e-01
6.3491250000e+03 6.9585739288e-01
6.3491500000e+03 6.9587707095e-01
6.3491750000e+03 6.9589723121e-01
6.3492000000e+03 6.9591787554e-01
6.3492250000e+03 6.9593900445e-01
6.3492500000e+03 6.9596061836e-01
6.3492750000e+03 6.9598271814e-01
6.3493000000e+03 6.9600530606e-01
6.3493250000e+03 6.9602838548e-01
6.3493500000e+03 6.9605196018e-01
6.3493750000e+03 6.9607603112e-01
6.3494000000e+03 6.9610059037e-01
6.3494250000e+03 6.9612561713e-01
6.3494500000e+03 6.9615108165e-01
6.3494750000e+03 6.9617696157e-01
6.3495000000e+03 6.9620325850e-01
6.3495250000e+03 6.9622999907e-01
6.3495500000e+03 6.9625721817e-01
6.3495750000e+03 6.9628494216e-01
6.3496000000e+03 6.9631318488e-01
6.3496250000e+03 6.9634194750e-01
6.3496500000e+03 6.9637121360e-01
6.3496750000e+03 6.9640095384e-01
6.3497000000e+03 6.9643114531e-01
6.3497250000e+03 6.9646178537e-01
6.3497500000e+03 6.9649289240e-01
6.3497750000e+03 6.9652449436e-01
6.3498000000e+03 6.9655661432e-01
6.3498250000e+03 6.9658926697e-01
6.3498500000e+03 6.9662246087e-01
6.3498750000e+03 6.9665620135e-01
6.3499000000e+03 6.9669049041e-01
6.3499250000e+03 6.9672533014e-01
6.3499500000e+03 6.9676072457e-01
6.3499750000e+03 6.9679667899e-01
6.3500000000e+03 6.9683320089e-01
6.3500250000e+03 6.9687029738e-01
6.3500500000e+03 6.9690797584e-01
6.3500750000e+03 6.9694624466e-01
6.3501000000e+03 6.9698511179e-01
6.3501250000e+03 6.9702458359e-01
6.3501500000e+03 6.9706466456e-01
6.3501750000e+03 6.9710535792e-01
6.3502000000e+03 6.9714666828e-01
6.3502250000e+03 6.9718860601e-01
6.3502500000e+03 6.9723118684e-01
6.3502750000e+03 6.9727442743e-01
6.3503000000e+03 6.9731834379e-01
6.3503250000e+03 6.9736295107e-01
6.3503500000e+03 6.9740826424e-01
6.3503750000e+03 6.9745429904e-01
6.3504000000e+03 6.9750107265e-01
6.3504250000e+03 6.9754860376e-01
6.3504500000e+03 6.9759691225e-01
6.3504750000e+03 6.9764601976e-01
6.3505000000e+03 6.9769595056e-01
6.3505250000e+03 6.9774673093e-01
6.3505500000e+03 6.9779839017e-01
6.3505750000e+03 6.9785096059e-01
6.3506000000e+03 6.9790447775e-01
6.3506250000e+03 6.9795898254e-01
6.3506500000e+03 6.9801452053e-01
6.3506750000e+03 6.9807114243e-01
6.3507000000e+03 6.9812890636e-01
6.3507250000e+03 6.9818788057e-01
6.3507500000e+03 6.9824814609e-01
6.3507750000e+03 6.9830978272e-01
6.3508000000e+03 6.9837288356e-01
6.3508250000e+03 6.9843755630e-01
6.3508500000e+03 6.9850379860e-01
6.3508750000e+03 6.9857139754e-01
6.3509000000e+03 6.9863992311e-01
6.3509250000e+03 6.9870877374e-01
6.3509500000e+03 6.9877724771e-01
6.3509750000e+03 6.9884461898e-01
6.3510000000e+03 6.9891031247e-01
6.3510250000e+03 6.9897401873e-01
6.3510500000e+03 6.9903577009e-01
6.3510750000e+03 6.9909589804e-01
6.3511000000e+03 6.9915481728e-01
6.3511250000e+03 6.9921290782e-01
6.3511500000e+03 6.9927047184e-01
6.3511750000e+03 6.9932770669e-01
6.3512000000e+03 6.9938473497e-01
6.3512250000e+03 6.9944162837e-01
6.3512500000e+03 6.9949816376e-01
6.3512750000e+03 6.9955346520e-01
6.3513000000e+03 6.9960605853e-01
6.3513250000e+03 6.9965437975e-01
6.3513500000e+03 6.9969717002e-01
6.3513750000e+03 6.9973346629e-01
6.3514000000e+03 6.9976253568e-01
6.3514250000e+03 6.9978406851e-01
6.3514500000e+03 6.9979861762e-01
6.3514750000e+03 6.9980777682e-01
6.3515000000e+03 6.9981357584e-01
6.3515250000e+03 6.9981762320e-01
6.3515500000e+03 6.9982081946e-01
6.3515750000e+03 6.9982356600e-01
6.3516000000e+03 6.9982602614e-01
6.3516250000e+03 6.9982827063e-01
6.3516500000e+03 6.9983033541e-01
6.3516750000e+03 6.9983224210e-01
6.3517000000e+03 6.9983400655e-01
6.3517250000e+03 6.9983564531e-01
6.3517500000e+03 6.9983718367e-01
6.3517750000e+03 6.9983865842e-01
6.3518000000e+03 6.9984010741e-01
6.3518250000e+03 6.9984155219e-01
6.3518500000e+03 6.9984299115e-01
6.3518750000e+03 6.9984440907e-01
6.3519000000e+03 6.9984579311e-01
6.3519250000e+03 6.9984713863e-01
6.3519500000e+03 6.9984844456e-01
6.3519750000e+03 6.9984971138e-01
6.3520000000e+03 6.9985094078e-01
6.3520250000e+03 6.9985213345e-01
6.3520500000e+03 6.9985329038e-01
6.3520750000e+03 6.9985441350e-01
6.3521000000e+03 6.9985550521e-01
6.3521250000e+03 6.9985656895e-01
6.3521500000e+03 6.9985761050e-01
6.3521750000e+03 6.9985863678e-01
6.3522000000e+03 6.9985965428e-01
6.3522250000e+03 6.9986066910e-01
6.3522500000e+03 6.9986168799e-01
6.3522750000e+03 6.9986271364e-01
6.3523000000e+03 6.9986373960e-01
6.3523250000e+03 6.9986474679e-01
6.3523500000e+03 6.9986571124e-01
6.3523750000e+03 6.9986662172e-01
6.3524000000e+03 6.9986748402e-01
6.3524250000e+03 6.9986831438e-01
6.3524500000e+03 6.9986912896e-01
6.3524750000e+03 6.9986993697e-01
6.3525000000e+03 6.9987074259e-01
6.3525250000e+03 6.9987154714e-01
6.3525500000e+03 6.9987235105e-01
6.3525750000e+03 6.9987315524e-01
6.3526000000e+03 6.9987396070e-01
6.3526250000e+03 6.9987476881e-01
6.3526500000e+03 6.9987558068e-01
6.3526750000e+03 6.9987639709e-01
6.3527000000e+03 6.9987721953e-01
6.3527250000e+03 6.9987804925e-01
6.3527500000e+03 6.9987888680e-01
6.3527750000e+03 6.9987973286e-01
6.3528000000e+03 6.9988058842e-01
6.3528250000e+03 6.9988145621e-01
6.3528500000e+03 6.9988233969e-01
6.3528750000e+03 6.9988324389e-01
6.3529000000e+03 6.9988417644e-01
6.3529250000e+03 6.9988514620e-01
6.3529500000e+03 6.9988615675e-01
6.3529750000e+03 6.9988719155e-01
6.3530000000e+03 6.9988820557e-01
6.3530250000e+03 6.9988914106e-01
6.3530500000e+03 6.9988996201e-01
6.3530750000e+03 6.9989067614e-01
6.3531000000e+03 6.9989132165e-01
6.3531250000e+03 6.9989193584e-01
6.3531500000e+03 6.9989254038e-01
6.3531750000e+03 6.9989314462e-01
6.3532000000e+03 6.9989375021e-01
6.3532250000e+03 6.9989435698e-01
6.3532500000e+03 6.9989496337e-01
6.3532750000e+03 6.9989556568e-01
6.3533000000e+03 6.9989615896e-01
6.3533250000e+03 6.9989673623e-01
6.3533500000e+03 6.9989728961e-01
6.3533750000e+03 6.9989781194e-01
6.3534000000e+03 6.9989830039e-01
6.3534250000e+03 6.9989875814e-01
6.3534500000e+03 6.9989919270e-01
6.3534750000e+03 6.9989961552e-01
6.3535000000e+03 6.9990003999e-01
6.3535250000e+03 6.9990047720e-01
6.3535500000e+03 6.9990093466e-01
6.3535750000e+03 6.9990141775e-01
6.3536000000e+03 6.9990192955e-01
6.3536250000e+03 6.9990247229e-01
6.3536500000e+03 6.9990304820e-01
6.3536750000e+03 6.9990366089e-01
6.3537000000e+03 6.9990431647e-01
6.3537250000e+03 6.9990502564e-01
6.3537500000e+03 6.9990580273e-01
6.3537750000e+03 6.9990665313e-01
6.3538000000e+03 6.9990755021e-01
6.3538250000e+03 6.9990841911e-01
6.3538500000e+03 6.9990915453e-01
6.3538750000e+03 6.9990968074e-01
6.3539000000e+03 6.9990999874e-01
6.3539250000e+03 6.9991017067e-01
6.3539500000e+03 6.9991027032e-01
6.3539750000e+03 6.9991034746e-01
6.3540000000e+03 6.9991042384e-01
6.3540250000e+03 6.9991050477e-01
6.3540500000e+03 6.9991059053e-01
6.3540750000e+03 6.9991067930e-01
6.3541000000e+03 6.9991076831e-01
6.3541250000e+03 6.9991085522e-01
6.3541500000e+03 6.9991093564e-01
6.3541750000e+03 6.9991099901e-01
6.3542000000e+03 6.9991102387e-01
6.3542250000e+03 6.9991096958e-01
6.3542500000e+03 6.9991076149e-01
6.3542750000e+03 6.9991027709e-01
6.3543000000e+03 6.9990933798e-01
6.3543250000e+03 6.9990771690e-01
6.3543500000e+03 6.9990517139e-01
6.3543750000e+03 6.9990149785e-01
6.3544000000e+03 6.9989659293e-01
6.3544250000e+03 6.9989049688e-01
6.3544500000e+03 6.9988339836e-01
6.3544750000e+03 6.9987559855e-01
6.3545000000e+03 6.9986744359e-01
6.3545250000e+03 6.9985925283e-01
6.3545500000e+03 6.9985126723e-01
6.3545750000e+03 6.9984362773e-01
6.3546000000e+03 6.9983638718e-01
6.3546250000e+03 6.9982953774e-01
6.3546500000e+03 6.9982304217e-01
6.3546750000e+03 6.9981685582e-01
6.3547000000e+03 6.9981093579e-01
6.3547250000e+03 6.9980524649e-01
6.3547500000e+03 6.9979975879e-01
6.3547750000e+03 6.9979444872e-01
6.3548000000e+03 6.9978929361e-01
6.3548250000e+03 6.9978426270e-01
6.3548500000e+03 6.9977931670e-01
6.3548750000e+03 6.9977442426e-01
6.3549000000e+03 6.9976957722e-01
6.3549250000e+03 6.9976480571e-01
6.3549500000e+03 6.9976022113e-01
6.3549750000e+03 6.9975610226e-01
6.3550000000e+03 6.9975293469e-01
6.3550250000e+03 6.9975122378e-01
6.3550500000e+03 6.9975110864e-01
6.3550750000e+03 6.9975215689e-01
6.3551000000e+03 6.9975361413e-01
6.3551250000e+03 6.9975486705e-01
6.3551500000e+03 6.9975567560e-01
6.3551750000e+03 6.9975607203e-01
6.3552000000e+03 6.9975617163e-01
6.3552250000e+03 6.9975606509e-01
6.3552500000e+03 6.9975578943e-01
6.3552750000e+03 6.9975533677e-01
6.3553000000e+03 6.9975467523e-01
6.3553250000e+03 6.9975375514e-01
6.3553500000e+03 6.9975250641e-01
6.3553750000e+03 6.9975084054e-01
6.3554000000e+03 6.9974866131e-01
6.3554250000e+03 6.9974589339e-01
6.3554500000e+03 6.9974251766e-01
6.3554750000e+03 6.9973858879e-01
6.3555000000e+03 6.9973422763e-01
6.3555250000e+03 6.9972959784e-01
6.3555500000e+03 6.9972486846e-01
6.3555750000e+03 6.9972018046e-01
6.3556000000e+03 6.9971563093e-01
6.3556250000e+03 6.9971126848e-01
6.3556500000e+03 6.9970710488e-01
6.3556750000e+03 6.9970313102e-01
6.3557000000e+03 6.9969932469e-01
6.3557250000e+03 6.9969565831e-01
6.3557500000e+03 6.9969210381e-01
6.3557750000e+03 6.9968863778e-01
6.3558000000e+03 6.9968524745e-01
6.3558250000e+03 6.9968192872e-01
6.3558500000e+03 6.9967868210e-01
6.3558750000e+03 6.9967550842e-01
6.3559000000e+03 6.9967240748e-01
6.3559250000e+03 6.9966937952e-01
6.3559500000e+03 6.9966642309e-01
6.3559750000e+03 6.9966353612e-01
6.3560000000e+03 6.9966071698e-01
6.3560250000e+03 6.9965796163e-01
6.3560500000e+03 6.9965526400e-01
6.3560750000e+03 6.9965261800e-01
6.3561000000e+03 6.9965001725e-01
6.3561250000e+03 6.9964745563e-01
6.3561500000e+03 6.9964492975e-01
6.3561750000e+03 6.9964243943e-01
6.3562000000e+03 6.9963998702e-01
6.3562250000e+03 6.9963757561e-01
6.3562500000e+03 6.9963520844e-01
6.3562750000e+03 6.9963288681e-01
6.3563000000e+03 6.9963061116e-01
6.3563250000e+03 6.9962838164e-01
6.3563500000e+03 6.9962619778e-01
6.3563750000e+03 6.9962405979e-01
6.3564000000e+03 6.9962196724e-01
6.3564250000e+03 6.9961991957e-01
6.3564500000e+03 6.9961791617e-01
6.3564750000e+03 6.9961595700e-01
6.3565000000e+03 6.9961404249e-01
6.3565250000e+03 6.9961217218e-01
6.3565500000e+03 6.9961034565e-01
6.3565750000e+03 6.9960856256e-01
6.3566000000e+03 6.9960682236e-01
6.3566250000e+03 6.9960512462e-01
6.3566500000e+03 6.9960346905e-01
6.3566750000e+03 6.9960185541e-01
6.3567000000e+03 6.9960028345e-01
6.3567250000e+03 6.9959875304e-01
6.3567500000e+03 6.9959726397e-01
6.3567750000e+03 6.9959581608e-01
6.3568000000e+03 6.9959440917e-01
6.3568250000e+03 6.9959304291e-01
6.3568500000e+03 6.9959171711e-01
6.3568750000e+03 6.9959043161e-01
6.3569000000e+03 6.9958918624e-01
6.3569250000e+03 6.9958798080e-01
6.3569500000e+03 6.9958681512e-01
6.3569750000e+03 6.9958568911e-01
6.3570000000e+03 6.9958460258e-01
6.3570250000e+03 6.9958355555e-01
6.3570500000e+03 6.9958254739e-01
6.3570750000e+03 6.9958157638e-01
6.3571000000e+03 6.9958064081e-01
6.3571250000e+03 6.9957973511e-01
6.3571500000e+03 6.9957884650e-01
6.3571750000e+03 6.9957795981e-01
6.3572000000e+03 6.9957706691e-01
6.3572250000e+03 6.9957617486e-01
6.3572500000e+03 6.9957530324e-01
6.3572750000e+03 6.9957447238e-01
6.3573000000e+03 6.9957369391e-01
6.3573250000e+03 6.9957296985e-01
6.3573500000e+03 6.9957229769e-01
6.3573750000e+03 6.9957167428e-01
6.3574000000e+03 6.9957109698e-01
6.3574250000e+03 6.9957056430e-01
6.3574500000e+03 6.9957007561e-01
6.3574750000e+03 6.9956963020e-01
6.3575000000e+03 6.9956922639e-01
6.3575250000e+03 6.9956886269e-01
6.3575500000e+03 6.9956853787e-01
6.3575750000e+03 6.9956825106e-01
6.3576000000e+03 6.9956800197e-01
6.3576250000e+03 6.9956778947e-01
6.3576500000e+03 6.9956761349e-01
6.3576750000e+03 6.9956747499e-01
6.3577000000e+03 6.9956737370e-01
6.3577250000e+03 6.9956731027e-01
6.3577500000e+03 6.9956728545e-01
6.3577750000e+03 6.9956729928e-01
6.3578000000e+03 6.9956735254e-01
6.3578250000e+03 6.9956744556e-01
6.3578500000e+03 6.9956757817e-01
6.3578750000e+03 6.9956775019e-01
6.3579000000e+03 6.9956796153e-01
6.3579250000e+03 6.9956821233e-01
6.3579500000e+03 6.9956850260e-01
6.3579750000e+03 6.9956883233e-01
6.3580000000e+03 6.9956920122e-01
6.3580250000e+03 6.9956960967e-01
6.3580500000e+03 6.9957005697e-01
6.3580750000e+03 6.9957054227e-01
6.3581000000e+03 6.9957106587e-01
6.3581250000e+03 6.9957162550e-01
6.3581500000e+03 6.9957221766e-01
6.3581750000e+03 6.9957283813e-01
6.3582000000e+03 6.9957348149e-01
6.3582250000e+03 6.9957414314e-01
6.3582500000e+03 6.9957482070e-01
6.3582750000e+03 6.9957551532e-01
6.3583000000e+03 6.9957623172e-01
6.3583250000e+03 6.9957697677e-01
6.3583500000e+03 6.9957775776e-01
6.3583750000e+03 6.9957858049e-01
6.3584000000e+03 6.9957944755e-01
6.3584250000e+03 6.9958035836e-01
6.3584500000e+03 6.9958130996e-01
6.3584750000e+03 6.9958229935e-01
6.3585000000e+03 6.9958332302e-01
6.3585250000e+03 6.9958437836e-01
6.3585500000e+03 6.9958546552e-01
6.3585750000e+03 6.9958658563e-01
6.3586000000e+03 6.9958773941e-01
6.3586250000e+03 6.9958892927e-01
6.3586500000e+03 6.9959015760e-01
6.3586750000e+03 6.9959142613e-01
6.3587000000e+03 6.9959273591e-01
6.3587250000e+03 6.9959408680e-01
6.3587500000e+03 6.9959547949e-01
6.3587750000e+03 6.9959691381e-01
6.3588000000e+03 6.9959838952e-01
6.3588250000e+03 6.9959990763e-01
6.3588500000e+03 6.9960146847e-01
6.3588750000e+03 6.9960307207e-01
6.3589000000e+03 6.9960471854e-01
6.3589250000e+03 6.9960640776e-01
6.3589500000e+03 6.9960813999e-01
6.3589750000e+03 6.9960991531e-01
6.3590000000e+03 6.9961173296e-01
6.3590250000e+03 6.9961359329e-01
6.3590500000e+03 6.9961549588e-01
6.3590750000e+03 6.9961743950e-01
6.3591000000e+03 6.9961942290e-01
6.3591250000e+03 6.9962144502e-01
6.3591500000e+03 6.9962350538e-01
6.3591750000e+03 6.9962560220e-01
6.3592000000e+03 6.9962772742e-01
6.3592250000e+03 6.9962986399e-01
6.3592500000e+03 6.9963199305e-01
6.3592750000e+03 6.9963410827e-01
6.3593000000e+03 6.9963622588e-01
6.3593250000e+03 6.9963837679e-01
6.3593500000e+03 6.9964058587e-01
6.3593750000e+03 6.9964286304e-01
6.3594000000e+03 6.9964520851e-01
6.3594250000e+03 6.9964761807e-01
6.3594500000e+03 6.9965008839e-01
6.3594750000e+03 6.9965261873e-01
6.3595000000e+03 6.9965520820e-01
6.3595250000e+03 6.9965785587e-01
6.3595500000e+03 6.9966056312e-01
6.3595750000e+03 6.9966333100e-01
6.3596000000e+03 6.9966616065e-01
6.3596250000e+03 6.9966905409e-01
6.3596500000e+03 6.9967201178e-01
6.3596750000e+03 6.9967503262e-01
6.3597000000e+03 6.9967811259e-01
6.3597250000e+03 6.9968124384e-01
6.3597500000e+03 6.9968441575e-01
6.3597750000e+03 6.9968761732e-01
6.3598000000e+03 6.9969083944e-01
6.3598250000e+03 6.9969407658e-01
6.3598500000e+03 6.9969732916e-01
6.3598750000e+03 6.9970060286e-01
6.3599000000e+03 6.9970390518e-01
6.3599250000e+03 6.9970724416e-01
6.3599500000e+03 6.9971062799e-01
6.3599750000e+03 6.9971406239e-01
6.3600000000e+03 6.9971755215e-01
6.3600250000e+03 6.9972110114e-01
6.3600500000e+03 6.9972471313e-01
6.3600750000e+03 6.9972839202e-01
6.3601000000e+03 6.9973214075e-01
6.3601250000e+03 6.9973596270e-01
6.3601500000e+03 6.9973986079e-01
6.3601750000e+03 6.9974383678e-01
6.3602000000e+03 6.9974789369e-01
6.3602250000e+03 6.9975203710e-01
6.3602500000e+03 6.9975628309e-01
6.3602750000e+03 6.9976067240e-01
6.3603000000e+03 6.9976528655e-01
6.3603250000e+03 6.9977023318e-01
6.3603500000e+03 6.9977558211e-01
6.3603750000e+03 6.9978130029e-01
6.3604000000e+03 6.9978726339e-01
6.3604250000e+03 6.9979334317e-01
6.3604500000e+03 6.9979947636e-01
6.3604750000e+03 6.9980566789e-01
6.3605000000e+03 6.9981195867e-01
6.3605250000e+03 6.9981839825e-01
6.3605500000e+03 6.9982503661e-01
6.3605750000e+03 6.9983192540e-01
6.3606000000e+03 6.9983911889e-01
6.3606250000e+03 6.9984667031e-01
6.3606500000e+03 6.9985461959e-01
6.3606750000e+03 6.9986296706e-01
6.3607000000e+03 6.9987162954e-01
6.3607250000e+03 6.9988039218e-01
6.3607500000e+03 6.9988890287e-01
6.3607750000e+03 6.9989674312e-01
6.3608000000e+03 6.9990354505e-01
6.3608250000e+03 6.9990908518e-01
6.3608500000e+03 6.9991331464e-01
6.3608750000e+03 6.9991633751e-01
6.3609000000e+03 6.9991835952e-01
6.3609250000e+03 6.9991962752e-01
6.3609500000e+03 6.9992037328e-01
6.3609750000e+03 6.9992078034e-01
6.3610000000e+03 6.9992097443e-01
6.3610250000e+03 6.9992103012e-01
6.3610500000e+03 6.9992098788e-01
6.3610750000e+03 6.9992086529e-01
6.3611000000e+03 6.9992066739e-01
6.3611250000e+03 6.9992039343e-01
6.3611500000e+03 6.9992003546e-01
6.3611750000e+03 6.9991957980e-01
6.3612000000e+03 6.9991900832e-01
6.3612250000e+03 6.9991829534e-01
6.3612500000e+03 6.9991740092e-01
6.3612750000e+03 6.9991625657e-01
6.3613000000e+03 6.9991475336e-01
6.3613250000e+03 6.9991276929e-01
6.3613500000e+03 6.9991029262e-01
6.3613750000e+03 6.9990762059e-01
6.3614000000e+03 6.9990542345e-01
6.3614250000e+03 6.9990445415e-01
6.3614500000e+03 6.9990508194e-01
6.3614750000e+03 6.9990710880e-01
6.3615000000e+03 6.9991002279e-01
6.3615250000e+03 6.9991337024e-01
6.3615500000e+03 6.9991690721e-01
6.3615750000e+03 6.9992055221e-01
6.3616000000e+03 6.9992430174e-01
6.3616250000e+03 6.9992817758e-01
6.3616500000e+03 6.9993220543e-01
6.3616750000e+03 6.9993640509e-01
6.3617000000e+03 6.9994077707e-01
6.3617250000e+03 6.9994528738e-01
6.3617500000e+03 6.9994985708e-01
6.3617750000e+03 6.9995435924e-01
6.3618000000e+03 6.9995863233e-01
6.3618250000e+03 6.9996251109e-01
6.3618500000e+03 6.9996586400e-01
6.3618750000e+03 6.9996861985e-01
6.3619000000e+03 6.9997078081e-01
6.3619250000e+03 6.9997240859e-01
6.3619500000e+03 6.9997358759e-01
6.3619750000e+03 6.9997439635e-01
6.3620000000e+03 6.9997489782e-01
6.3620250000e+03 6.9997515368e-01
6.3620500000e+03 6.9997523795e-01
6.3620750000e+03 6.9997522275e-01
6.3621000000e+03 6.9997515689e-01
6.3621250000e+03 6.9997506805e-01
6.3621500000e+03 6.9997497592e-01
6.3621750000e+03 6.9997489796e-01
6.3622000000e+03 6.9997484315e-01
6.3622250000e+03 6.9997481034e-01
6.3622500000e+03 6.9997479519e-01
6.3622750000e+03 6.9997479216e-01
6.3623000000e+03 6.9997479824e-01
6.3623250000e+03 6.9997481211e-01
6.3623500000e+03 6.9997483233e-01
6.3623750000e+03 6.9997485826e-01
6.3624000000e+03 6.9997488894e-01
6.3624250000e+03 6.9997492312e-01
6.3624500000e+03 6.9997496015e-01
6.3624750000e+03 6.9997500026e-01
6.3625000000e+03 6.9997504302e-01
6.3625250000e+03 6.9997508803e-01
6.3625500000e+03 6.9997513432e-01
6.3625750000e+03 6.9997518012e-01
6.3626000000e+03 6.9997522432e-01
6.3626250000e+03 6.9997526495e-01
6.3626500000e+03 6.9997529927e-01
6.3626750000e+03 6.9997532542e-01
6.3627000000e+03 6.9997534313e-01
6.3627250000e+03 6.9997535344e-01
6.3627500000e+03 6.9997535764e-01
6.3627750000e+03 6.9997535615e-01
6.3628000000e+03 6.9997534748e-01
6.3628250000e+03 6.9997532701e-01
6.3628500000e+03 6.9997529080e-01
6.3628750000e+03 6.9997523798e-01
6.3629000000e+03 6.9997517041e-01
6.3629250000e+03 6.9997509125e-01
6.3629500000e+03 6.9997500334e-01
6.3629750000e+03 6.9997490776e-01
6.3630000000e+03 6.9997480548e-01
6.3630250000e+03 6.9997470045e-01
6.3630500000e+03 6.9997459759e-01
6.3630750000e+03 6.9997449988e-01
6.3631000000e+03 6.9997440353e-01
6.3631250000e+03 6.9997429280e-01
6.3631500000e+03 6.9997413537e-01
6.3631750000e+03 6.9997389034e-01
6.3632000000e+03 6.9997353578e-01
6.3632250000e+03 6.9997309053e-01
6.3632500000e+03 6.9997260647e-01
6.3632750000e+03 6.9997213541e-01
6.3633000000e+03 6.9997170350e-01
6.3633250000e+03 6.9997131302e-01
6.3633500000e+03 6.9997095680e-01
6.3633750000e+03 6.9997062803e-01
6.3634000000e+03 6.9997032243e-01
6.3634250000e+03 6.9997003808e-01
6.3634500000e+03 6.9996977478e-01
6.3634750000e+03 6.9996953348e-01
6.3635000000e+03 6.9996931494e-01
6.3635250000e+03 6.9996911358e-01
6.3635500000e+03 6.9996891341e-01
6.3635750000e+03 6.9996869158e-01
6.3636000000e+03 6.9996843029e-01
6.3636250000e+03 6.9996812605e-01
6.3636500000e+03 6.9996778805e-01
6.3636750000e+03 6.9996743049e-01
6.3637000000e+03 6.9996706320e-01
6.3637250000e+03 6.9996669122e-01
6.3637500000e+03 6.9996631659e-01
6.3637750000e+03 6.9996593890e-01
6.3638000000e+03 6.9996555710e-01
6.3638250000e+03 6.9996517120e-01
6.3638500000e+03 6.9996478185e-01
6.3638750000e+03 6.9996439095e-01
6.3639000000e+03 6.9996400195e-01
6.3639250000e+03 6.9996361697e-01
6.3639500000e+03 6.9996323678e-01
6.3639750000e+03 6.9996286240e-01
6.3640000000e+03 6.9996249406e-01
6.3640250000e+03 6.9996213051e-01
6.3640500000e+03 6.9996177158e-01
6.3640750000e+03 6.9996141753e-01
6.3641000000e+03 6.9996106781e-01
6.3641250000e+03 6.9996072236e-01
6.3641500000e+03 6.9996038100e-01
6.3641750000e+03 6.9996004339e-01
6.3642000000e+03 6.9995970962e-01
6.3642250000e+03 6.9995937959e-01
6.3642500000e+03 6.9995905316e-01
6.3642750000e+03 6.9995873040e-01
6.3643000000e+03 6.9995841142e-01
6.3643250000e+03 6.9995809630e-01
6.3643500000e+03 6.9995778547e-01
6.3643750000e+03 6.9995747906e-01
6.3644000000e+03 6.9995717793e-01
6.3644250000e+03 6.9995688294e-01
6.3644500000e+03 6.9995659476e-01
6.3644750000e+03 6.9995631412e-01
6.3645000000e+03 6.9995604086e-01
6.3645250000e+03 6.9995577179e-01
6.3645500000e+03 6.9995550145e-01
6.3645750000e+03 6.9995522200e-01
6.3646000000e+03 6.9995492220e-01
6.3646250000e+03 6.9995458989e-01
6.3646500000e+03 6.9995421626e-01
6.3646750000e+03 6.9995379748e-01
6.3647000000e+03 6.9995333589e-01
6.3647250000e+03 6.9995283946e-01
6.3647500000e+03 6.9995231975e-01
6.3647750000e+03 6.9995178867e-01
6.3648000000e+03 6.9995125480e-01
6.3648250000e+03 6.9995072294e-01
6.3648500000e+03 6.9995019609e-01
6.3648750000e+03 6.9994967511e-01
6.3649000000e+03 6.9994915949e-01
6.3649250000e+03 6.9994864884e-01
6.3649500000e+03 6.9994814237e-01
6.3649750000e+03 6.9994763888e-01
6.3650000000e+03 6.9994713788e-01
6.3650250000e+03 6.9994663964e-01
6.3650500000e+03 6.9994614494e-01
6.3650750000e+03 6.9994565402e-01
6.3651000000e+03 6.9994516639e-01
6.3651250000e+03 6.9994468175e-01
6.3651500000e+03 6.9994420186e-01
6.3651750000e+03 6.9994373246e-01
6.3652000000e+03 6.9994329100e-01
6.3652250000e+03 6.9994292027e-01
6.3652500000e+03 6.9994268909e-01
6.3652750000e+03 6.9994266254e-01
6.3653000000e+03 6.9994285015e-01
6.3653250000e+03 6.9994318382e-01
6.3653500000e+03 6.9994355824e-01
6.3653750000e+03 6.9994389178e-01
6.3654000000e+03 6.9994415327e-01
6.3654250000e+03 6.9994434675e-01
6.3654500000e+03 6.9994448787e-01
6.3654750000e+03 6.9994459240e-01
6.3655000000e+03 6.9994467357e-01
6.3655250000e+03 6.9994474108e-01
6.3655500000e+03 6.9994480267e-01
6.3655750000e+03 6.9994486317e-01
6.3656000000e+03 6.9994491373e-01
6.3656250000e+03 6.9994492309e-01
6.3656500000e+03 6.9994484229e-01
6.3656750000e+03 6.9994462380e-01
6.3657000000e+03 6.9994425152e-01
6.3657250000e+03 6.9994375275e-01
6.3657500000e+03 6.9994317836e-01
6.3657750000e+03 6.9994257203e-01
6.3658000000e+03 6.9994194741e-01
6.3658250000e+03 6.9994129361e-01
6.3658500000e+03 6.9994060043e-01
6.3658750000e+03 6.9993987369e-01
6.3659000000e+03 6.9993913287e-01
6.3659250000e+03 6.9993839739e-01
6.3659500000e+03 6.9993767651e-01
6.3659750000e+03 6.9993696986e-01
6.3660000000e+03 6.9993627327e-01
6.3660250000e+03 6.9993558312e-01
6.3660500000e+03 6.9993489610e-01
6.3660750000e+03 6.9993420963e-01
6.3661000000e+03 6.9993352230e-01
6.3661250000e+03 6.9993283285e-01
6.3661500000e+03 6.9993214010e-01
6.3661750000e+03 6.9993144320e-01
6.3662000000e+03 6.9993074182e-01
6.3662250000e+03 6.9993003558e-01
6.3662500000e+03 6.9992932383e-01
6.3662750000e+03 6.9992860536e-01
6.3663000000e+03 6.9992787866e-01
6.3663250000e+03 6.9992714253e-01
6.3663500000e+03 6.9992639462e-01
6.3663750000e+03 6.9992563244e-01
6.3664000000e+03 6.9992485382e-01
6.3664250000e+03 6.9992405634e-01
6.3664500000e+03 6.9992323794e-01
6.3664750000e+03 6.9992239588e-01
6.3665000000e+03 6.9992152679e-01
6.3665250000e+03 6.9992062665e-01
6.3665500000e+03 6.9991968943e-01
6.3665750000e+03 6.9991870563e-01
6.3666000000e+03 6.9991765940e-01
6.3666250000e+03 6.9991652942e-01
6.3666500000e+03 6.9991529988e-01
6.3666750000e+03 6.9991399025e-01
6.3667000000e+03 6.9991268845e-01
6.3667250000e+03 6.9991153792e-01
6.3667500000e+03 6.9991066157e-01
6.3667750000e+03 6.9991008303e-01
6.3668000000e+03 6.9990972578e-01
6.3668250000e+03 6.9990948060e-01
6.3668500000e+03 6.9990926286e-01
6.3668750000e+03 6.9990902695e-01
6.3669000000e+03 6.9990875628e-01
6.3669250000e+03 6.9990845072e-01
6.3669500000e+03 6.9990811687e-01
6.3669750000e+03 6.9990775702e-01
6.3670000000e+03 6.9990736495e-01
6.3670250000e+03 6.9990693579e-01
6.3670500000e+03 6.9990648582e-01
6.3670750000e+03 6.9990606747e-01
6.3671000000e+03 6.9990575262e-01
6.3671250000e+03 6.9990558971e-01
6.3671500000e+03 6.9990557322e-01
6.3671750000e+03 6.9990565369e-01
6.3672000000e+03 6.9990577784e-01
6.3672250000e+03 6.9990591425e-01
6.3672500000e+03 6.9990605310e-01
6.3672750000e+03 6.9990619640e-01
6.3673000000e+03 6.9990634857e-01
6.3673250000e+03 6.9990651306e-01
6.3673500000e+03 6.9990669056e-01
6.3673750000e+03 6.9990688019e-01
6.3674000000e+03 6.9990708152e-01
6.3674250000e+03 6.9990729378e-01
6.3674500000e+03 6.9990751559e-01
6.3674750000e+03 6.9990774441e-01
6.3675000000e+03 6.9990797822e-01
6.3675250000e+03 6.9990821687e-01
6.3675500000e+03 6.9990846098e-01
6.3675750000e+03 6.9990871105e-01
6.3676000000e+03 6.9990896787e-01
6.3676250000e+03 6.9990923246e-01
6.3676500000e+03 6.9990950499e-01
6.3676750000e+03 6.9990978537e-01
6.3677000000e+03 6.9991007369e-01
6.3677250000e+03 6.9991037006e-01
6.3677500000e+03 6.9991067459e-01
6.3677750000e+03 6.9991098734e-01
6.3678000000e+03 6.9991130837e-01
6.3678250000e+03 6.9991163790e-01
6.3678500000e+03 6.9991197610e-01
6.3678750000e+03 6.9991232304e-01
6.3679000000e+03 6.9991267907e-01
6.3679250000e+03 6.9991304429e-01
6.3679500000e+03 6.9991341816e-01
6.3679750000e+03 6.9991380069e-01
6.3680000000e+03 6.9991419271e-01
6.3680250000e+03 6.9991459487e-01
6.3680500000e+03 6.9991500816e-01
6.3680750000e+03 6.9991543411e-01
6.3681000000e+03 6.9991587377e-01
6.3681250000e+03 6.9991632791e-01
6.3681500000e+03 6.9991679789e-01
6.3681750000e+03 6.9991728555e-01
6.3682000000e+03 6.9991779313e-01
6.3682250000e+03 6.9991832432e-01
6.3682500000e+03 6.9991888468e-01
6.3682750000e+03 6.9991948136e-01
6.3683000000e+03 6.9992012396e-01
6.3683250000e+03 6.9992081757e-01
6.3683500000e+03 6.9992154766e-01
6.3683750000e+03 6.9992227200e-01
6.3684000000e+03 6.9992293480e-01
6.3684250000e+03 6.9992349690e-01
6.3684500000e+03 6.9992395238e-01
6.3684750000e+03 6.9992431593e-01
6.3685000000e+03 6.9992460336e-01
6.3685250000e+03 6.9992482906e-01
6.3685500000e+03 6.9992501007e-01
6.3685750000e+03 6.9992516525e-01
6.3686000000e+03 6.9992530976e-01
6.3686250000e+03 6.9992545194e-01
6.3686500000e+03 6.9992559525e-01
6.3686750000e+03 6.9992574026e-01
6.3687000000e+03 6.9992588739e-01
6.3687250000e+03 6.9992603671e-01
6.3687500000e+03 6.9992618729e-01
6.3687750000e+03 6.9992633881e-01
6.3688000000e+03 6.9992649081e-01
6.3688250000e+03 6.9992664241e-01
6.3688500000e+03 6.9992679337e-01
6.3688750000e+03 6.9992694293e-01
6.3689000000e+03 6.9992708945e-01
6.3689250000e+03 6.9992723078e-01
6.3689500000e+03 6.9992736107e-01
6.3689750000e+03 6.9992746273e-01
6.3690000000e+03 6.9992748864e-01
6.3690250000e+03 6.9992734364e-01
6.3690500000e+03 6.9992689235e-01
6.3690750000e+03 6.9992598617e-01
6.3691000000e+03 6.9992442001e-01
6.3691250000e+03 6.9992172157e-01
6.3691500000e+03 6.9991689677e-01
6.3691750000e+03 6.9990851631e-01
6.3692000000e+03 6.9989526325e-01
6.3692250000e+03 6.9987649583e-01
6.3692500000e+03 6.9985240056e-01
6.3692750000e+03 6.9982384268e-01
6.3693000000e+03 6.9979222338e-01
6.3693250000e+03 6.9975931644e-01
6.3693500000e+03 6.9972685993e-01
6.3693750000e+03 6.9969602710e-01
6.3694000000e+03 6.9966721650e-01
6.3694250000e+03 6.9964028646e-01
6.3694500000e+03 6.9961491170e-01
6.3694750000e+03 6.9959079320e-01
6.3695000000e+03 6.9956771061e-01
6.3695250000e+03 6.9954549975e-01
6.3695500000e+03 6.9952401672e-01
6.3695750000e+03 6.9950312609e-01
6.3696000000e+03 6.9948271798e-01
6.3696250000e+03 6.9946272824e-01
6.3696500000e+03 6.9944313761e-01
6.3696750000e+03 6.9942394698e-01
6.3697000000e+03 6.9940515330e-01
6.3697250000e+03 6.9938674425e-01
6.3697500000e+03 6.9936870265e-01
6.3697750000e+03 6.9935101020e-01
6.3698000000e+03 6.9933365014e-01
6.3698250000e+03 6.9931660849e-01
6.3698500000e+03 6.9929987233e-01
6.3698750000e+03 6.9928342938e-01
6.3699000000e+03 6.9926726945e-01
6.3699250000e+03 6.9925138302e-01
6.3699500000e+03 6.9923576166e-01
6.3699750000e+03 6.9922039803e-01
6.3700000000e+03 6.9920528415e-01
6.3700250000e+03 6.9919041202e-01
6.3700500000e+03 6.9917577423e-01
6.3700750000e+03 6.9916136350e-01
6.3701000000e+03 6.9914717273e-01
6.3701250000e+03 6.9913319720e-01
6.3701500000e+03 6.9911943211e-01
6.3701750000e+03 6.9910587142e-01
6.3702000000e+03 6.9909250835e-01
6.3702250000e+03 6.9907933324e-01
6.3702500000e+03 6.9906633330e-01
6.3702750000e+03 6.9905349756e-01
6.3703000000e+03 6.9904082326e-01
6.3703250000e+03 6.9902831629e-01
6.3703500000e+03 6.9901598695e-01
6.3703750000e+03 6.9900384422e-01
6.3704000000e+03 6.9899189131e-01
6.3704250000e+03 6.9898012527e-01
6.3704500000e+03 6.9896854289e-01
6.3704750000e+03 6.9895714139e-01
6.3705000000e+03 6.9894591707e-01
6.3705250000e+03 6.9893486740e-01
6.3705500000e+03 6.9892399028e-01
6.3705750000e+03 6.9891328335e-01
6.3706000000e+03 6.9890274391e-01
6.3706250000e+03 6.9889237000e-01
6.3706500000e+03 6.9888216015e-01
6.3706750000e+03 6.9887211352e-01
6.3707000000e+03 6.9886223050e-01
6.3707250000e+03 6.9885251050e-01
6.3707500000e+03 6.9884295185e-01
6.3707750000e+03 6.9883355403e-01
6.3708000000e+03 6.9882431688e-01
6.3708250000e+03 6.9881523951e-01
6.3708500000e+03 6.9880632176e-01
6.3708750000e+03 6.9879756322e-01
6.3709000000e+03 6.9878896366e-01
6.3709250000e+03 6.9878052174e-01
6.3709500000e+03 6.9877223509e-01
6.3709750000e+03 6.9876409943e-01
6.3710000000e+03 6.9875610794e-01
6.3710250000e+03 6.9874825329e-01
6.3710500000e+03 6.9874052818e-01
6.3710750000e+03 6.9873292700e-01
6.3711000000e+03 6.9872544751e-01
6.3711250000e+03 6.9871808947e-01
6.3711500000e+03 6.9871085483e-01
6.3711750000e+03 6.9870374678e-01
6.3712000000e+03 6.9869676763e-01
6.3712250000e+03 6.9868991739e-01
6.3712500000e+03 6.9868319064e-01
6.3712750000e+03 6.9867656935e-01
6.3713000000e+03 6.9867001906e-01
6.3713250000e+03 6.9866350473e-01
6.3713500000e+03 6.9865701649e-01
6.3713750000e+03 6.9865058497e-01
6.3714000000e+03 6.9864426199e-01
6.3714250000e+03 6.9863808630e-01
6.3714500000e+03 6.9863207182e-01
6.3714750000e+03 6.9862621282e-01
6.3715000000e+03 6.9862049524e-01
6.3715250000e+03 6.9861490390e-01
6.3715500000e+03 6.9860942243e-01
6.3715750000e+03 6.9860403216e-01
6.3716000000e+03 6.9859872358e-01
6.3716250000e+03 6.9859352039e-01
6.3716500000e+03 6.9858849682e-01
6.3716750000e+03 6.9858375664e-01
6.3717000000e+03 6.9857937241e-01
6.3717250000e+03 6.9857534160e-01
6.3717500000e+03 6.9857160254e-01
6.3717750000e+03 6.9856808611e-01
6.3718000000e+03 6.9856474506e-01
6.3718250000e+03 6.9856155595e-01
6.3718500000e+03 6.9855851082e-01
6.3718750000e+03 6.9855560890e-01
6.3719000000e+03 6.9855285438e-01
6.3719250000e+03 6.9855025147e-01
6.3719500000e+03 6.9854780501e-01
6.3719750000e+03 6.9854552244e-01
6.3720000000e+03 6.9854340998e-01
6.3720250000e+03 6.9854146725e-01
6.3720500000e+03 6.9853967869e-01
6.3720750000e+03 6.9853800898e-01
6.3721000000e+03 6.9853642065e-01
6.3721250000e+03 6.9853489926e-01
6.3721500000e+03 6.9853345909e-01
6.3721750000e+03 6.9853212466e-01
6.3722000000e+03 6.9853090445e-01
6.3722250000e+03 6.9852978681e-01
6.3722500000e+03 6.9852875593e-01
6.3722750000e+03 6.9852780818e-01
6.3723000000e+03 6.9852695611e-01
6.3723250000e+03 6.9852621710e-01
6.3723500000e+03 6.9852560411e-01
6.3723750000e+03 6.9852512346e-01
6.3724000000e+03 6.9852477745e-01
6.3724250000e+03 6.9852456819e-01
6.3724500000e+03 6.9852449537e-01
6.3724750000e+03 6.9852455774e-01
6.3725000000e+03 6.9852475473e-01
6.3725250000e+03 6.9852508553e-01
6.3725500000e+03 6.9852554786e-01
6.3725750000e+03 6.9852613840e-01
6.3726000000e+03 6.9852685649e-01
6.3726250000e+03 6.9852770410e-01
6.3726500000e+03 6.9852868439e-01
6.3726750000e+03 6.9852980114e-01
6.3727000000e+03 6.9853105703e-01
6.3727250000e+03 6.9853245252e-01
6.3727500000e+03 6.9853398684e-01
6.3727750000e+03 6.9853565999e-01
6.3728000000e+03 6.9853747207e-01
6.3728250000e+03 6.9853942221e-01
6.3728500000e+03 6.9854151131e-01
6.3728750000e+03 6.9854373628e-01
6.3729000000e+03 6.9854610760e-01
6.3729250000e+03 6.9854863442e-01
6.3729500000e+03 6.9855131040e-01
6.3729750000e+03 6.9855413427e-01
6.3730000000e+03 6.9855710532e-01
6.3730250000e+03 6.9856022328e-01
6.3730500000e+03 6.9856348820e-01
6.3730750000e+03 6.9856690020e-01
6.3731000000e+03 6.9857045964e-01
6.3731250000e+03 6.9857416732e-01
6.3731500000e+03 6.9857802489e-01
6.3731750000e+03 6.9858203443e-01
6.3732000000e+03 6.9858619702e-01
6.3732250000e+03 6.9859051117e-01
6.3732500000e+03 6.9859496999e-01
6.3732750000e+03 6.9859956190e-01
6.3733000000e+03 6.9860427627e-01
6.3733250000e+03 6.9860911050e-01
6.3733500000e+03 6.9861407110e-01
6.3733750000e+03 6.9861916741e-01
6.3734000000e+03 6.9862440671e-01
6.3734250000e+03 6.9862979280e-01
6.3734500000e+03 6.9863532749e-01
6.3734750000e+03 6.9864101266e-01
6.3735000000e+03 6.9864684892e-01
6.3735250000e+03 6.9865283610e-01
6.3735500000e+03 6.9865897197e-01
6.3735750000e+03 6.9866525089e-01
6.3736000000e+03 6.9867166697e-01
6.3736250000e+03 6.9867821608e-01
6.3736500000e+03 6.9868489801e-01
6.3736750000e+03 6.9869171621e-01
6.3737000000e+03 6.9869867553e-01
6.3737250000e+03 6.9870578091e-01
6.3737500000e+03 6.9871303525e-01
6.3737750000e+03 6.9872044021e-01
6.3738000000e+03 6.9872799704e-01
6.3738250000e+03 6.9873570627e-01
6.3738500000e+03 6.9874356850e-01
6.3738750000e+03 6.9875158437e-01
6.3739000000e+03 6.9875975452e-01
6.3739250000e+03 6.9876807961e-01
6.3739500000e+03 6.9877656040e-01
6.3739750000e+03 6.9878519766e-01
6.3740000000e+03 6.9879399225e-01
6.3740250000e+03 6.9880294498e-01
6.3740500000e+03 6.9881205671e-01
6.3740750000e+03 6.9882132834e-01
6.3741000000e+03 6.9883076080e-01
6.3741250000e+03 6.9884035518e-01
6.3741500000e+03 6.9885011256e-01
6.3741750000e+03 6.9886003404e-01
6.3742000000e+03 6.9887012069e-01
6.3742250000e+03 6.9888037378e-01
6.3742500000e+03 6.9889079463e-01
6.3742750000e+03 6.9890138465e-01
6.3743000000e+03 6.9891214562e-01
6.3743250000e+03 6.9892307898e-01
6.3743500000e+03 6.9893418538e-01
6.3743750000e+03 6.9894546594e-01
6.3744000000e+03 6.9895692233e-01
6.3744250000e+03 6.9896855606e-01
6.3744500000e+03 6.9898036927e-01
6.3744750000e+03 6.9899236473e-01
6.3745000000e+03 6.9900454479e-01
6.3745250000e+03 6.9901691174e-01
6.3745500000e+03 6.9902946819e-01
6.3745750000e+03 6.9904221684e-01
6.3746000000e+03 6.9905516031e-01
6.3746250000e+03 6.9906830148e-01
6.3746500000e+03 6.9908164361e-01
6.3746750000e+03 6.9909519004e-01
6.3747000000e+03 6.9910894429e-01
6.3747250000e+03 6.9912291025e-01
6.3747500000e+03 6.9913709200e-01
6.3747750000e+03 6.9915149404e-01
6.3748000000e+03 6.9916612151e-01
6.3748250000e+03 6.9918097949e-01
6.3748500000e+03 6.9919607281e-01
6.3748750000e+03 6.9921140703e-01
6.3749000000e+03 6.9922698888e-01
6.3749250000e+03 6.9924282597e-01
6.3749500000e+03 6.9925892575e-01
6.3749750000e+03 6.9927529635e-01
6.3750000000e+03 6.9929194751e-01
