G27500g300v10.vis.1 27500 3.00 1.0
G27500g325v10.vis.1 27500 3.25 1.0
G27500g350v10.vis.1 27500 3.50 1.0
G27500g375v10.vis.1 27500 3.75 1.0
G27500g400v10.vis.1 27500 4.00 1.0
G27500g425v10.vis.1 27500 4.25 1.0
G27500g450v10.vis.1 27500 4.50 1.0
G27500g475v10.vis.1 27500 4.75 1.0
G30000g300v10.vis.1 30000 3.00 1.0
G30000g325v10.vis.1 30000 3.25 1.0
G30000g350v10.vis.1 30000 3.50 1.0
G30000g375v10.vis.1 30000 3.75 1.0
G30000g400v10.vis.1 30000 4.00 1.0
G30000g425v10.vis.1 30000 4.25 1.0
G30000g450v10.vis.1 30000 4.50 1.0
G30000g475v10.vis.1 30000 4.75 1.0
G32500g325v10.vis.1 32500 3.25 1.0
G32500g350v10.vis.1 32500 3.50 1.0
G32500g375v10.vis.1 32500 3.75 1.0
G32500g400v10.vis.1 32500 4.00 1.0
G32500g425v10.vis.1 32500 4.25 1.0
G32500g450v10.vis.1 32500 4.50 1.0
G32500g475v10.vis.1 32500 4.75 1.0
G35000g325v10.vis.1 35000 3.25 1.0
G35000g350v10.vis.1 35000 3.50 1.0
G35000g375v10.vis.1 35000 3.75 1.0
G35000g400v10.vis.1 35000 4.00 1.0
G35000g425v10.vis.1 35000 4.25 1.0
G35000g450v10.vis.1 35000 4.50 1.0
G35000g475v10.vis.1 35000 4.75 1.0
G37500g350v10.vis.1 37500 3.50 1.0
G37500g375v10.vis.1 37500 3.75 1.0
G37500g400v10.vis.1 37500 4.00 1.0
G37500g425v10.vis.1 37500 4.25 1.0
G37500g450v10.vis.1 37500 4.50 1.0
G37500g475v10.vis.1 37500 4.75 1.0
G40000g350v10.vis.1 40000 3.50 1.0
G40000g375v10.vis.1 40000 3.75 1.0
G40000g400v10.vis.1 40000 4.00 1.0
G40000g425v10.vis.1 40000 4.25 1.0
G40000g450v10.vis.1 40000 4.50 1.0
G40000g475v10.vis.1 40000 4.75 1.0
G42500g375v10.vis.1 42500 3.75 1.0
G42500g400v10.vis.1 42500 4.00 1.0
G42500g425v10.vis.1 42500 4.25 1.0
G42500g450v10.vis.1 42500 4.50 1.0
G42500g475v10.vis.1 42500 4.75 1.0
G45000g375v10.vis.1 45000 3.75 1.0
G45000g400v10.vis.1 45000 4.00 1.0
G45000g425v10.vis.1 45000 4.25 1.0
G45000g450v10.vis.1 45000 4.50 1.0
G45000g475v10.vis.1 45000 4.75 1.0
G47500g375v10.vis.1 47500 3.75 1.0
G47500g400v10.vis.1 47500 4.00 1.0
G47500g425v10.vis.1 47500 4.25 1.0
G47500g450v10.vis.1 47500 4.50 1.0
G47500g475v10.vis.1 47500 4.75 1.0
G50000g400v10.vis.1 50000 4.00 1.0
G50000g425v10.vis.1 50000 4.25 1.0
G50000g450v10.vis.1 50000 4.50 1.0
G50000g475v10.vis.1 50000 4.75 1.0
G52500g400v10.vis.1 52500 4.00 1.0
G52500g425v10.vis.1 52500 4.25 1.0
G52500g450v10.vis.1 52500 4.50 1.0
G52500g475v10.vis.1 52500 4.75 1.0
G55000g400v10.vis.1 55000 4.00 1.0
G55000g425v10.vis.1 55000 4.25 1.0
G55000g450v10.vis.1 55000 4.50 1.0
G55000g475v10.vis.1 55000 4.75 1.0
