BL15000g175v2.vis.1  15000 1.75 0.5
BL15000g200v2.vis.1  15000 2.00 0.5
BL15000g225v2.vis.1  15000 2.25 0.5
BL15000g250v2.vis.1  15000 2.50 0.5
BL15000g275v2.vis.1  15000 2.75 0.5
BL15000g300v2.vis.1  15000 3.00 0.5
BL15000g325v2.vis.1  15000 3.25 0.5
BL15000g350v2.vis.1  15000 3.50 0.5
BL15000g375v2.vis.1  15000 3.75 0.5
BL15000g400v2.vis.1  15000 4.00 0.5
BL15000g425v2.vis.1  15000 4.25 0.5
BL15000g450v2.vis.1  15000 4.50 0.5
BL15000g475v2.vis.1  15000 4.75 0.5
BL16000g200v2.vis.1  16000 2.00 0.5
BL16000g225v2.vis.1  16000 2.25 0.5
BL16000g250v2.vis.1  16000 2.50 0.5
BL16000g275v2.vis.1  16000 2.75 0.5
BL16000g300v2.vis.1  16000 3.00 0.5
BL16000g325v2.vis.1  16000 3.25 0.5
BL16000g350v2.vis.1  16000 3.50 0.5
BL16000g375v2.vis.1  16000 3.75 0.5
BL16000g400v2.vis.1  16000 4.00 0.5
BL16000g425v2.vis.1  16000 4.25 0.5
BL16000g450v2.vis.1  16000 4.50 0.5
BL16000g475v2.vis.1  16000 4.75 0.5
BL17000g200v2.vis.1  17000 2.00 0.5
BL17000g225v2.vis.1  17000 2.25 0.5
BL17000g250v2.vis.1  17000 2.50 0.5
BL17000g275v2.vis.1  17000 2.75 0.5
BL17000g300v2.vis.1  17000 3.00 0.5
BL17000g325v2.vis.1  17000 3.25 0.5
BL17000g350v2.vis.1  17000 3.50 0.5
BL17000g375v2.vis.1  17000 3.75 0.5
BL17000g400v2.vis.1  17000 4.00 0.5
BL17000g425v2.vis.1  17000 4.25 0.5
BL17000g450v2.vis.1  17000 4.50 0.5
BL17000g475v2.vis.1  17000 4.75 0.5
BL18000g200v2.vis.1  18000 2.00 0.5
BL18000g225v2.vis.1  18000 2.25 0.5
BL18000g250v2.vis.1  18000 2.50 0.5
BL18000g275v2.vis.1  18000 2.75 0.5
BL18000g300v2.vis.1  18000 3.00 0.5
BL18000g325v2.vis.1  18000 3.25 0.5
BL18000g350v2.vis.1  18000 3.50 0.5
BL18000g375v2.vis.1  18000 3.75 0.5
BL18000g400v2.vis.1  18000 4.00 0.5
BL18000g425v2.vis.1  18000 4.25 0.5
BL18000g450v2.vis.1  18000 4.50 0.5
BL18000g475v2.vis.1  18000 4.75 0.5
BL19000g225v2.vis.1  19000 2.25 0.5
BL19000g250v2.vis.1  19000 2.50 0.5
BL19000g275v2.vis.1  19000 2.75 0.5
BL19000g300v2.vis.1  19000 3.00 0.5
BL19000g325v2.vis.1  19000 3.25 0.5
BL19000g350v2.vis.1  19000 3.50 0.5
BL19000g375v2.vis.1  19000 3.75 0.5
BL19000g400v2.vis.1  19000 4.00 0.5
BL19000g425v2.vis.1  19000 4.25 0.5
BL19000g450v2.vis.1  19000 4.50 0.5
BL19000g475v2.vis.1  19000 4.75 0.5
BL20000g225v2.vis.1  20000 2.25 0.5
BL20000g250v2.vis.1  20000 2.50 0.5
BL20000g275v2.vis.1  20000 2.75 0.5
BL20000g300v2.vis.1  20000 3.00 0.5
BL20000g325v2.vis.1  20000 3.25 0.5
BL20000g350v2.vis.1  20000 3.50 0.5
BL20000g375v2.vis.1  20000 3.75 0.5
BL20000g400v2.vis.1  20000 4.00 0.5
BL20000g425v2.vis.1  20000 4.25 0.5
BL20000g450v2.vis.1  20000 4.50 0.5
BL20000g475v2.vis.1  20000 4.75 0.5
BL21000g250v2.vis.1  21000 2.50 0.5
BL21000g275v2.vis.1  21000 2.75 0.5
BL21000g300v2.vis.1  21000 3.00 0.5
BL21000g325v2.vis.1  21000 3.25 0.5
BL21000g350v2.vis.1  21000 3.50 0.5
BL21000g375v2.vis.1  21000 3.75 0.5
BL21000g400v2.vis.1  21000 4.00 0.5
BL21000g425v2.vis.1  21000 4.25 0.5
BL21000g450v2.vis.1  21000 4.50 0.5
BL21000g475v2.vis.1  21000 4.75 0.5
BL22000g250v2.vis.1  22000 2.50 0.5
BL22000g275v2.vis.1  22000 2.75 0.5
BL22000g300v2.vis.1  22000 3.00 0.5
BL22000g325v2.vis.1  22000 3.25 0.5
BL22000g350v2.vis.1  22000 3.50 0.5
BL22000g375v2.vis.1  22000 3.75 0.5
BL22000g400v2.vis.1  22000 4.00 0.5
BL22000g425v2.vis.1  22000 4.25 0.5
BL22000g450v2.vis.1  22000 4.50 0.5
BL22000g475v2.vis.1  22000 4.75 0.5
BL23000g250v2.vis.1  23000 2.50 0.5
BL23000g275v2.vis.1  23000 2.75 0.5
BL23000g300v2.vis.1  23000 3.00 0.5
BL23000g325v2.vis.1  23000 3.25 0.5
BL23000g350v2.vis.1  23000 3.50 0.5
BL23000g375v2.vis.1  23000 3.75 0.5
BL23000g400v2.vis.1  23000 4.00 0.5
BL23000g425v2.vis.1  23000 4.25 0.5
BL23000g450v2.vis.1  23000 4.50 0.5
BL23000g475v2.vis.1  23000 4.75 0.5
BL24000g250v2.vis.1  24000 2.50 0.5
BL24000g275v2.vis.1  24000 2.75 0.5
BL24000g300v2.vis.1  24000 3.00 0.5
BL24000g325v2.vis.1  24000 3.25 0.5
BL24000g350v2.vis.1  24000 3.50 0.5
BL24000g375v2.vis.1  24000 3.75 0.5
BL24000g400v2.vis.1  24000 4.00 0.5
BL24000g425v2.vis.1  24000 4.25 0.5
BL24000g450v2.vis.1  24000 4.50 0.5
BL24000g475v2.vis.1  24000 4.75 0.5
BL25000g275v2.vis.1  25000 2.75 0.5
BL25000g300v2.vis.1  25000 3.00 0.5
BL25000g325v2.vis.1  25000 3.25 0.5
BL25000g350v2.vis.1  25000 3.50 0.5
BL25000g375v2.vis.1  25000 3.75 0.5
BL25000g400v2.vis.1  25000 4.00 0.5
BL25000g425v2.vis.1  25000 4.25 0.5
BL25000g450v2.vis.1  25000 4.50 0.5
BL25000g475v2.vis.1  25000 4.75 0.5
BL26000g275v2.vis.1  26000 2.75 0.5
BL26000g300v2.vis.1  26000 3.00 0.5
BL26000g325v2.vis.1  26000 3.25 0.5
BL26000g350v2.vis.1  26000 3.50 0.5
BL26000g375v2.vis.1  26000 3.75 0.5
BL26000g400v2.vis.1  26000 4.00 0.5
BL26000g425v2.vis.1  26000 4.25 0.5
BL26000g450v2.vis.1  26000 4.50 0.5
BL26000g475v2.vis.1  26000 4.75 0.5
BL27000g275v2.vis.1  27000 2.75 0.5
BL27000g300v2.vis.1  27000 3.00 0.5
BL27000g325v2.vis.1  27000 3.25 0.5
BL27000g350v2.vis.1  27000 3.50 0.5
BL27000g375v2.vis.1  27000 3.75 0.5
BL27000g400v2.vis.1  27000 4.00 0.5
BL27000g425v2.vis.1  27000 4.25 0.5
BL27000g450v2.vis.1  27000 4.50 0.5
BL27000g475v2.vis.1  27000 4.75 0.5
BL28000g275v2.vis.1  28000 2.75 0.5
BL28000g300v2.vis.1  28000 3.00 0.5
BL28000g325v2.vis.1  28000 3.25 0.5
BL28000g350v2.vis.1  28000 3.50 0.5
BL28000g375v2.vis.1  28000 3.75 0.5
BL28000g400v2.vis.1  28000 4.00 0.5
BL28000g425v2.vis.1  28000 4.25 0.5
BL28000g450v2.vis.1  28000 4.50 0.5
BL28000g475v2.vis.1  28000 4.75 0.5
BL29000g300v2.vis.1  29000 3.00 0.5
BL29000g325v2.vis.1  29000 3.25 0.5
BL29000g350v2.vis.1  29000 3.50 0.5
BL29000g375v2.vis.1  29000 3.75 0.5
BL29000g400v2.vis.1  29000 4.00 0.5
BL29000g425v2.vis.1  29000 4.25 0.5
BL29000g450v2.vis.1  29000 4.50 0.5
BL29000g475v2.vis.1  29000 4.75 0.5
BL30000g300v2.vis.1  30000 3.00 0.5
BL30000g325v2.vis.1  30000 3.25 0.5
BL30000g350v2.vis.1  30000 3.50 0.5
BL30000g375v2.vis.1  30000 3.75 0.5
BL30000g400v2.vis.1  30000 4.00 0.5
BL30000g425v2.vis.1  30000 4.25 0.5
BL30000g450v2.vis.1  30000 4.50 0.5
BL30000g475v2.vis.1  30000 4.75 0.5