G27500g300v10.vis.dat 27500.0 3.000 1.0
G27500g325v10.vis.dat 27500.0 3.250 1.0
G27500g350v10.vis.dat 27500.0 3.500 1.0
G27500g375v10.vis.dat 27500.0 3.750 1.0
G27500g400v10.vis.dat 27500.0 4.000 1.0
G27500g425v10.vis.dat 27500.0 4.250 1.0
G27500g450v10.vis.dat 27500.0 4.500 1.0
G27500g475v10.vis.dat 27500.0 4.750 1.0
G30000g300v10.vis.dat 30000.0 3.000 1.0
G30000g325v10.vis.dat 30000.0 3.250 1.0
G30000g350v10.vis.dat 30000.0 3.500 1.0
G30000g375v10.vis.dat 30000.0 3.750 1.0
G30000g400v10.vis.dat 30000.0 4.000 1.0
G30000g425v10.vis.dat 30000.0 4.250 1.0
G30000g450v10.vis.dat 30000.0 4.500 1.0
G30000g475v10.vis.dat 30000.0 4.750 1.0
G32500g325v10.vis.dat 32500.0 3.250 1.0
G32500g350v10.vis.dat 32500.0 3.500 1.0
G32500g375v10.vis.dat 32500.0 3.750 1.0
G32500g400v10.vis.dat 32500.0 4.000 1.0
G32500g425v10.vis.dat 32500.0 4.250 1.0
G32500g450v10.vis.dat 32500.0 4.500 1.0
G32500g475v10.vis.dat 32500.0 4.750 1.0
G35000g325v10.vis.dat 35000.0 3.250 1.0
G35000g350v10.vis.dat 35000.0 3.500 1.0
G35000g375v10.vis.dat 35000.0 3.750 1.0
G35000g400v10.vis.dat 35000.0 4.000 1.0
G35000g425v10.vis.dat 35000.0 4.250 1.0
G35000g450v10.vis.dat 35000.0 4.500 1.0
G35000g475v10.vis.dat 35000.0 4.750 1.0
G37500g350v10.vis.dat 37500.0 3.500 1.0
G37500g375v10.vis.dat 37500.0 3.750 1.0
G37500g400v10.vis.dat 37500.0 4.000 1.0
G37500g425v10.vis.dat 37500.0 4.250 1.0
G37500g450v10.vis.dat 37500.0 4.500 1.0
G37500g475v10.vis.dat 37500.0 4.750 1.0
G40000g350v10.vis.dat 40000.0 3.500 1.0
G40000g375v10.vis.dat 40000.0 3.750 1.0
G40000g400v10.vis.dat 40000.0 4.000 1.0
G40000g425v10.vis.dat 40000.0 4.250 1.0
G40000g450v10.vis.dat 40000.0 4.500 1.0
G40000g475v10.vis.dat 40000.0 4.750 1.0
G42500g375v10.vis.dat 42500.0 3.750 1.0
G42500g400v10.vis.dat 42500.0 4.000 1.0
G42500g425v10.vis.dat 42500.0 4.250 1.0
G42500g450v10.vis.dat 42500.0 4.500 1.0
G42500g475v10.vis.dat 42500.0 4.750 1.0
G45000g375v10.vis.dat 45000.0 3.750 1.0
G45000g400v10.vis.dat 45000.0 4.000 1.0
G45000g425v10.vis.dat 45000.0 4.250 1.0
G45000g450v10.vis.dat 45000.0 4.500 1.0
G45000g475v10.vis.dat 45000.0 4.750 1.0
G47500g375v10.vis.dat 47500.0 3.750 1.0
G47500g400v10.vis.dat 47500.0 4.000 1.0
G47500g425v10.vis.dat 47500.0 4.250 1.0
G47500g450v10.vis.dat 47500.0 4.500 1.0
G47500g475v10.vis.dat 47500.0 4.750 1.0
G50000g400v10.vis.dat 50000.0 4.000 1.0
G50000g425v10.vis.dat 50000.0 4.250 1.0
G50000g450v10.vis.dat 50000.0 4.500 1.0
G50000g475v10.vis.dat 50000.0 4.750 1.0
G52500g400v10.vis.dat 52500.0 4.000 1.0
G52500g425v10.vis.dat 52500.0 4.250 1.0
G52500g450v10.vis.dat 52500.0 4.500 1.0
G52500g475v10.vis.dat 52500.0 4.750 1.0
G55000g400v10.vis.dat 55000.0 4.000 1.0
G55000g425v10.vis.dat 55000.0 4.250 1.0
G55000g450v10.vis.dat 55000.0 4.500 1.0
G55000g475v10.vis.dat 55000.0 4.750 1.0
