L27500g300v10.vis.1 27500 3.00 0.5
L27500g325v10.vis.1 27500 3.25 0.5
L27500g350v10.vis.1 27500 3.50 0.5
L27500g375v10.vis.1 27500 3.75 0.5
L27500g400v10.vis.1 27500 4.00 0.5
L27500g425v10.vis.1 27500 4.25 0.5
L27500g450v10.vis.1 27500 4.50 0.5
L27500g475v10.vis.1 27500 4.75 0.5
L30000g300v10.vis.1 30000 3.00 0.5
L30000g325v10.vis.1 30000 3.25 0.5
L30000g350v10.vis.1 30000 3.50 0.5
L30000g375v10.vis.1 30000 3.75 0.5
L30000g400v10.vis.1 30000 4.00 0.5
L30000g425v10.vis.1 30000 4.25 0.5
L30000g450v10.vis.1 30000 4.50 0.5
L30000g475v10.vis.1 30000 4.75 0.5
L32500g325v10.vis.1 32500 3.25 0.5
L32500g350v10.vis.1 32500 3.50 0.5
L32500g375v10.vis.1 32500 3.75 0.5
L32500g400v10.vis.1 32500 4.00 0.5
L32500g425v10.vis.1 32500 4.25 0.5
L32500g450v10.vis.1 32500 4.50 0.5
L32500g475v10.vis.1 32500 4.75 0.5
L35000g325v10.vis.1 35000 3.25 0.5
L35000g350v10.vis.1 35000 3.50 0.5
L35000g375v10.vis.1 35000 3.75 0.5
L35000g400v10.vis.1 35000 4.00 0.5
L35000g425v10.vis.1 35000 4.25 0.5
L35000g450v10.vis.1 35000 4.50 0.5
L35000g475v10.vis.1 35000 4.75 0.5
L37500g350v10.vis.1 37500 3.50 0.5
L37500g375v10.vis.1 37500 3.75 0.5
L37500g400v10.vis.1 37500 4.00 0.5
L37500g425v10.vis.1 37500 4.25 0.5
L37500g450v10.vis.1 37500 4.50 0.5
L37500g475v10.vis.1 37500 4.75 0.5
L40000g350v10.vis.1 40000 3.50 0.5
L40000g375v10.vis.1 40000 3.75 0.5
L40000g400v10.vis.1 40000 4.00 0.5
L40000g425v10.vis.1 40000 4.25 0.5
L40000g450v10.vis.1 40000 4.50 0.5
L40000g475v10.vis.1 40000 4.75 0.5
L42500g375v10.vis.1 42500 3.75 0.5
L42500g400v10.vis.1 42500 4.00 0.5
L42500g425v10.vis.1 42500 4.25 0.5
L42500g450v10.vis.1 42500 4.50 0.5
L42500g475v10.vis.1 42500 4.75 0.5
L45000g375v10.vis.1 45000 3.75 0.5
L45000g400v10.vis.1 45000 4.00 0.5
L45000g425v10.vis.1 45000 4.25 0.5
L45000g450v10.vis.1 45000 4.50 0.5
L45000g475v10.vis.1 45000 4.75 0.5
L47500g375v10.vis.1 47500 3.75 0.5
L47500g400v10.vis.1 47500 4.00 0.5
L47500g425v10.vis.1 47500 4.25 0.5
L47500g450v10.vis.1 47500 4.50 0.5
L47500g475v10.vis.1 47500 4.75 0.5
L50000g400v10.vis.1 50000 4.00 0.5
L50000g425v10.vis.1 50000 4.25 0.5
L50000g450v10.vis.1 50000 4.50 0.5
L50000g475v10.vis.1 50000 4.75 0.5
L52500g400v10.vis.1 52500 4.00 0.5
L52500g425v10.vis.1 52500 4.25 0.5
L52500g450v10.vis.1 52500 4.50 0.5
L52500g475v10.vis.1 52500 4.75 0.5
L55000g400v10.vis.1 55000 4.00 0.5
L55000g425v10.vis.1 55000 4.25 0.5
L55000g450v10.vis.1 55000 4.50 0.5
L55000g475v10.vis.1 55000 4.75 0.5
