C32500g325v10.vis.1 32500 3.25 2.0
C32500g350v10.vis.1 32500 3.50 2.0
C32500g375v10.vis.1 32500 3.75 2.0
C32500g400v10.vis.1 32500 4.00 2.0
C32500g425v10.vis.1 32500 4.25 2.0
C32500g450v10.vis.1 32500 4.50 2.0
C32500g475v10.vis.1 32500 4.75 2.0
C35000g325v10.vis.1 35000 3.25 2.0
C35000g350v10.vis.1 35000 3.50 2.0
C35000g375v10.vis.1 35000 3.75 2.0
C35000g400v10.vis.1 35000 4.00 2.0
C35000g425v10.vis.1 35000 4.25 2.0
C35000g450v10.vis.1 35000 4.50 2.0
C35000g475v10.vis.1 35000 4.75 2.0
C37500g350v10.vis.1 37500 3.50 2.0
C37500g375v10.vis.1 37500 3.75 2.0
C37500g400v10.vis.1 37500 4.00 2.0
C37500g425v10.vis.1 37500 4.25 2.0
C37500g450v10.vis.1 37500 4.50 2.0
C37500g475v10.vis.1 37500 4.75 2.0
C40000g350v10.vis.1 40000 3.50 2.0
C40000g375v10.vis.1 40000 3.75 2.0
C40000g400v10.vis.1 40000 4.00 2.0
C40000g425v10.vis.1 40000 4.25 2.0
C40000g450v10.vis.1 40000 4.50 2.0
C40000g475v10.vis.1 40000 4.75 2.0
C42500g375v10.vis.1 42500 3.75 2.0
C42500g400v10.vis.1 42500 4.00 2.0
C42500g425v10.vis.1 42500 4.25 2.0
C42500g450v10.vis.1 42500 4.50 2.0
C42500g475v10.vis.1 42500 4.75 2.0
C45000g375v10.vis.1 45000 3.75 2.0
C45000g400v10.vis.1 45000 4.00 2.0
C45000g425v10.vis.1 45000 4.25 2.0
C45000g450v10.vis.1 45000 4.50 2.0
C45000g475v10.vis.1 45000 4.75 2.0
C47500g375v10.vis.1 47500 3.75 2.0
C47500g400v10.vis.1 47500 4.00 2.0
C47500g425v10.vis.1 47500 4.25 2.0
C47500g450v10.vis.1 47500 4.50 2.0
C47500g475v10.vis.1 47500 4.75 2.0
C50000g400v10.vis.1 50000 4.00 2.0
C50000g425v10.vis.1 50000 4.25 2.0
C50000g450v10.vis.1 50000 4.50 2.0
C50000g475v10.vis.1 50000 4.75 2.0
C52500g400v10.vis.1 52500 4.00 2.0
C52500g425v10.vis.1 52500 4.25 2.0
C52500g450v10.vis.1 52500 4.50 2.0
C52500g475v10.vis.1 52500 4.75 2.0
C55000g400v10.vis.1 55000 4.00 2.0
C55000g425v10.vis.1 55000 4.25 2.0
C55000g450v10.vis.1 55000 4.50 2.0
C55000g475v10.vis.1 55000 4.75 2.0
